14:04:53.756,14:04:53.732,32.10348051760452,118.86906246566899,-1,65,36.71523666381836,21.194881439208984,-1
14:04:54.608,14:04:54.037,32.103588663718895,118.86896587214841,-1,65,36.47022247314453,18.0217227935791,-1
14:04:54.656,14:04:54.609,32.10368857556322,118.86885817235093,-1,65,36.527652740478516,16.057336807250977,-1
14:04:54.663,14:04:54.609,32.10378385851337,118.86875417615636,-1,65,36.559505462646484,14.156988143920898,-1
14:04:55.114,14:04:55.018,32.1038631126048,118.86866856170249,-1,65,36.6036376953125,13.454512596130371,-1
14:04:55.696,14:04:55.628,32.10350198655826,118.86899515032563,0.6482305526733398,60.75127709716401,33.318298942039284,36.89588084570122,15.945993483769433
14:04:56.814,14:04:56.628,32.10346607952615,118.86890610571527,0.6482305526733398,44.236891038371276,32.274831321069534,24.303410782543686,154.5365853908521
14:04:57.810,14:04:57.628,32.10326540452247,118.86873403538814,0.3879963457584381,22.720684333275962,33.186774046460734,21.608286206984285,332.6855934354961
14:04:58.813,14:04:58.628,32.10324308944563,118.86869567076658,0.1355307549238205,18.545941399287596,35.49007199274483,20.37006854379772,13.220254079466374
14:04:59.819,14:04:59.628,32.10325356673798,118.86871006991925,0.3879963457584381,15.014507965826397,35.807438290103434,19.219301546406697,24.688492673768152
14:05:01.332,14:05:00.628,32.103248960839025,118.86870497750837,0.5216558575630188,14.79335919411972,36.68541334046819,18.93948318619311,6.436671033853857
14:05:01.805,14:05:01.628,32.103240205642784,118.86868894984013,0.5216558575630188,12.922973873406468,36.58224605113325,18.56704905248379,275.7051066118239
14:05:02.758,14:05:02.578,32.10323305014302,118.8686847851882,0.06384154409170151,11.735453238899849,37.295364965478385,18.057753535330583,358.6481802859371
14:05:03.715,14:05:03.528,32.10322186580627,118.86868038335263,0.3201397657394409,13.543432943467629,37.4584527890524,22.572779302445987,204.76899550821602
14:05:04.664,14:05:04.478,32.10321245942439,118.86868064716198,0.27012404799461365,10.192069669591895,37.94678558418753,17.59157514858295,201.17916561096203
14:05:05.628,14:05:05.428,32.10321155566784,118.86867409801292,0.23675432801246643,9.609231609959044,38.21685312128612,17.26965264572728,217.16621706101367
14:05:06.594,14:05:06.378,32.103211253704444,118.86866952928696,0.19114510715007782,9.091935071759835,37.71029574539616,16.810678626390825,217.07589880728094
14:05:07.526,14:05:07.329,32.10320618838207,118.86866761398551,0.04875937104225159,8.705777497741302,37.32235331773589,16.59462592078156,212.14245830337435
14:05:08.470,14:05:08.279,32.10320618838213,118.86866761398552,0.04875937104225159,8.7057774977413,40.35208960995078,16.594625920781557,-1
14:05:09.418,14:05:09.229,32.103203489200496,118.8686668557856,0.020010322332382202,8.401841492877825,40.0762153910473,16.609781555527164,-1
14:05:10.366,14:05:10.180,32.10320557687244,118.8686699885566,0.055295757949352264,8.116451050988493,40.28263384383172,16.132105885674218,-1
14:05:11.317,14:05:11.130,32.10320673718194,118.86867111520296,0.028646523132920265,7.883914209761686,40.01300183869898,15.143613900713207,-1
14:05:12.268,14:05:12.080,32.103203036003706,118.86867334143307,0.042201921343803406,7.647857369546263,39.463786305859685,14.610859445383747,-1
14:05:13.220,14:05:13.030,32.10320434600349,118.8686762886207,0.009854268282651901,7.442535774341166,39.47623863071203,14.314721445753543,-1
14:05:14.197,14:05:13.997,32.10320308925607,118.86867878988814,0.04559683799743652,7.342046231304662,39.592905825935304,14.317455162063522,-1
14:05:15.177,14:05:14.997,32.10320465305153,118.86868117073544,0.06176372244954109,7.277748494233315,39.92106904089451,14.304231575704813,-1
14:05:16.186,14:05:15.997,32.10320465305153,118.86868117073544,0,7.10492751146786,39.92106904089451,13.793216372133907,-1
14:05:17.186,14:05:16.997,32.10320590321108,118.86868106053106,0.040006786584854126,8.277356866804809,39.76924828439951,15.99902144530159,-1
14:05:18.186,14:05:17.997,32.10320590321108,118.86868106053106,0,7.028820923323863,39.76924828439951,14.360861824510573,-1
14:05:19.176,14:05:18.997,32.103209830665996,118.86868152677629,0.040927208960056305,6.877099954311519,39.94885371346027,13.851526550511988,-1
14:05:24.193,14:05:23.998,32.103211789684714,118.86869535192457,0.03733124956488609,8.098300301568434,40.7877098871395,16.844480315606678,-1
14:05:25.199,14:05:24.998,32.10320963639307,118.86869561921738,0.014730815775692463,10.300034921060044,40.719014425762,20.985780131299673,-1
14:05:26.188,14:05:25.998,32.10321226753029,118.86869183097271,0.07571210712194443,6.5241971376650065,40.93839101400226,13.168140218559692,-1
14:05:27.188,14:05:26.998,32.10321226753029,118.86869183097271,0,6.470833561623571,40.93839101400226,13.282797720939211,-1
14:05:28.188,14:05:27.998,32.10321116878243,118.8686785935492,0.07068431715406069,4.207247318772138,43.61892661359161,4.580928545714573,-1
14:05:29.185,14:05:28.998,32.10321288815536,118.8686804903721,0.1769104302397907,4.368628831394905,43.60687341168523,4.528258527474564,-1
14:05:30.205,14:05:29.998,32.10320946812845,118.86868026184965,0.033855432016967356,4.534194152246464,43.86860492173582,4.514532687565584,-1
14:05:31.197,14:05:30.998,32.10320401097708,118.86868010594905,0.2471208393804025,4.627559817095062,43.935678702779114,4.507150194853042,-1
14:05:32.187,14:05:31.998,32.10320335381157,118.86867484233902,0,4.664798919190381,44.22912199422717,4.461239464808992,-1
14:05:33.187,14:05:32.998,32.10320335381157,118.86867484233902,0,4.157228536048272,44.22912199422717,4.300394884005923,-1
14:05:34.188,14:05:33.998,32.10320335381157,118.86867484233902,0,4.036268030617153,44.22912199422717,4.1988654041884255,-1
14:05:35.187,14:05:34.998,32.10320335381157,118.86867484233902,0,4.032996815991413,44.22912199422717,4.190402571948424,-1
14:06:46.197,14:06:45.996,32.103197205201916,118.86864822280131,0.001093109055620064,4.6255286369691975,42.22919543925673,3.525481791382097,-1
14:06:47.191,14:06:46.996,32.103195968729175,118.86864510445456,0.35025173965639583,4.655759422883616,42.219970035366714,3.4854614083388236,-1
14:06:48.190,14:06:47.996,32.10319209923415,118.86864521736952,0.3327364246704544,4.714917480466422,42.1965052485466,3.405009571966135,-1
14:06:49.190,14:06:48.996,32.10318906338707,118.86864524960953,0.26788975859265385,4.778356558962822,42.372139090672135,3.315395244643663,-1
14:06:50.190,14:06:49.996,32.10318636405129,118.86864837950674,0,4.7839847657812,42.21984367258847,3.3072687815722257,-1
14:06:51.189,14:06:50.996,32.103187223241434,118.8686572051496,0.4255414081603182,4.787967015181559,42.04826626274735,3.3015010062579457,-1
14:06:52.198,14:06:51.995,32.10318396555138,118.86865479153789,0,4.791477292882234,42.01664469949901,3.296404463135975,-1
14:06:53.190,14:06:52.995,32.103189690675386,118.86865196121536,0.30116682504604764,4.765146256420112,42.17331462725997,3.3343542384867,-1
14:06:54.188,14:06:53.995,32.10318972078602,118.8686505235955,0.04305627487443843,4.769584131994007,42.10300172492862,3.328003040957117,-1
14:06:55.190,14:06:54.995,32.10319128622542,118.86864986008565,0.1383374332899418,4.751501065955656,42.238309770822525,3.35377021470033,-1
14:06:56.190,14:06:55.995,32.10319003599331,118.86864507288742,0.2932435649176278,4.746277887192726,42.09458466805518,3.361158022220049,-1
14:06:57.189,14:06:56.995,32.10318687255725,118.86864514109935,0.05659959502064221,4.7261685209405035,42.04262355808169,3.3893757750447047,-1
14:06:58.198,14:06:57.995,32.10318435612835,118.86864357907105,0,4.714970432903873,42.04797471314669,3.4049362475134686,-1
14:06:59.192,14:06:58.995,32.103185686792,118.86864180297884,0.15336848109382414,4.716913218805571,42.13722777273506,3.402244364981167,-1
14:07:00.191,14:06:59.995,32.10318571838844,118.86864197665759,0,4.6980770372230864,42.13890424184501,3.4282078678379433,-1
14:07:01.192,14:07:00.995,32.103183660844444,118.86864124004687,0.18447089955559764,4.712516309747874,43.158758314326406,3.4083320060036857,-1
14:07:02.191,14:07:01.995,32.10318103907529,118.86863855865043,0.22196423800478998,4.724611474238479,42.578300105407834,3.391545879135787,-1
14:07:03.191,14:07:02.995,32.10318331392141,118.8686355031142,0.18452410975314779,4.732542277362885,42.48622602131218,3.380470474026027,-1
14:07:04.205,14:07:03.995,32.103179388797855,118.86863488307627,0.1557918101972784,4.784142123013922,42.65962582081556,3.3070411517839755,-1
14:07:05.191,14:07:04.995,32.10317923403872,118.86863491377899,0.3774657359822235,4.848625619415397,42.75316127855331,3.211754448200779,-1
14:07:06.188,14:07:05.995,32.10318082795986,118.86863118499944,0.3076183526567188,4.9387326251880435,42.712331677787006,3.0713933466249563,-1
14:07:07.191,14:07:07.000,32.10318127568682,118.86863765314445,0.19616072294262532,5.107780523609025,42.783372341655195,2.7812074995277056,-1
14:07:08.188,14:07:08.000,32.1031891402834,118.86864697576257,0.733459540320913,5.220435630640761,42.65589434467256,2.563511041350364,-1
14:07:09.188,14:07:09.000,32.103193153765744,118.86864943258534,0.5572672973186067,5.409487069196302,42.88322759605944,2.4313349084138256,-1
14:07:10.197,14:07:10.000,32.10319426813502,118.86864050785603,0.3882664119916485,5.5210212533862535,42.85396502818912,2.4547301223965903,-1
14:07:11.189,14:07:11.000,32.10320929690971,118.86865994911051,0.5901604128568277,5.595177798666511,42.2373351752758,2.482521136258188,-1
14:07:12.188,14:07:12.000,32.103217085349925,118.86866376369406,0.6499908143859259,5.682048340041518,42.52021514903754,2.502943536091491,-1
14:07:13.188,14:07:13.000,32.10321470608409,118.8686638297207,0,5.73914610217315,42.64013887755573,2.5254855774743357,-1
14:07:15.186,14:07:15.000,32.10321455055185,118.86866299996903,0.16046091761554507,5.886733421753086,42.499376168474555,2.5840347268199695,-1
14:07:16.197,14:07:16.000,32.1032072131355,118.86866062945234,0,5.789156038289548,42.67976920772344,2.6117155277631374,-1
14:07:17.206,14:07:17.000,32.10319488505742,118.8686579193795,0.30113058454878894,5.696595471620244,42.72942153457552,2.6385607200149392,-1
14:07:18.186,14:07:18.000,32.10319423815669,118.86865862502839,0,5.624184943574848,42.742706346325576,2.6637548030838873,-1
14:07:19.195,14:07:19.000,32.10318889428564,118.86864529152473,0.2506219753270531,5.5954713014857465,42.9674287494272,2.685773433297046,-1
14:07:20.189,14:07:20.000,32.103180977210364,118.86865136371397,0.14861220593603064,5.544270189925704,42.90713319648057,2.7134105856522313,-1
14:07:21.189,14:07:21.000,32.10318248980812,118.86865131659715,0.3921020529233718,5.486090970520639,42.89411234483123,2.7368093636391495,-1
14:07:22.186,14:07:22.000,32.10318549826889,118.86864354043625,0.33756297344640407,5.495106027532217,42.995176792144775,2.7631593489774278,-1
14:07:23.201,14:07:23.000,32.10318528360223,118.86863860817687,0.18445489658872782,5.455138200310171,42.84340251144022,2.7950853465233103,-1
14:07:24.197,14:07:24.000,32.10319624906467,118.86865229920895,0,5.382485700242186,42.73256436921656,2.8243727243825365,-1
14:07:25.188,14:07:25.000,32.10319253182795,118.86864382502934,0.23238496475438872,5.298719649824757,42.82091000396758,2.856144142901922,-1
14:07:26.195,14:07:26.000,32.103187523152684,118.86862812538945,0.24082169588091823,5.128772488632179,42.85736647155136,2.9210705951916767,-1
14:07:27.198,14:07:27.000,32.10318039685035,118.86862542950254,0.1463854580276715,5.054596391733649,42.98612445220351,2.976700119798476,-1
14:07:28.194,14:07:28.000,32.10317723692502,118.86862522008249,0.2254999920524137,5.003726375489972,42.53823639173061,3.00133850274414,-1
14:07:29.211,14:07:29.000,32.10318068709096,118.8686217888277,0.17923632953206606,4.90778771574062,42.443698616698384,3.1206019884013254,-1
14:07:30.187,14:07:30.000,32.10319012734805,118.86863386868093,0,4.8988756417791794,42.91896325163543,3.1345740506760196,38.2601479611434
14:07:31.194,14:07:31.000,32.103182883331016,118.86862051994922,0,4.8631776074310835,42.77859057486057,3.1896771923456013,38.2601334831029
14:07:32.189,14:07:31.999,32.103182883331016,118.86862051994922,0,4.843050093390363,42.77859057486057,3.2201557145114017,38.2601334831029
14:07:33.195,14:07:32.999,32.103182883331016,118.86862051994922,0,4.787984871689076,42.77859057486057,3.3014751098963893,38.2601334831029
14:07:34.188,14:07:33.999,32.103182883331016,118.86862051994922,0,4.758395192267239,42.77859057486057,3.3439814932198515,38.2601334831029
14:07:35.195,14:07:34.999,32.103182883331016,118.86862051994922,0,4.744502931371559,42.77859057486057,3.3636630281577733,38.2601334831029
14:07:36.201,14:07:35.999,32.103182883331016,118.86862051994922,0,4.713042382845008,42.77859057486057,3.40760451494822,38.2601334831029
14:07:37.186,14:07:36.999,32.103182883331016,118.86862051994922,0,4.674750155652276,42.77859057486057,3.459949134744304,38.2601334831029
14:07:38.194,14:07:37.999,32.103182883331016,118.86862051994922,0,4.656356184753147,42.77859057486057,3.484664132093646,38.2601334831029
14:07:39.190,14:07:38.999,32.103182883331016,118.86862051994922,0,4.642072031120479,42.77859057486057,3.5036701172738596,38.2601334831029
14:07:40.189,14:07:39.999,32.103182883331016,118.86862051994922,0,4.629609556662637,42.77859057486057,3.52012107542437,38.2601334831029
14:07:41.207,14:07:40.999,32.103182883331016,118.86862051994922,0,4.620805245826014,42.77859057486057,3.5316704139734827,38.2601334831029
14:07:42.192,14:07:41.999,32.103182883331016,118.86862051994922,0,4.613202164129355,42.77859057486057,3.5415960844880483,38.2601334831029
14:07:43.190,14:07:42.999,32.103182883331016,118.86862051994922,0,4.6067262382062095,42.77859057486057,3.5500155491224685,38.2601334831029
14:07:44.197,14:07:43.999,32.103182883331016,118.86862051994922,0,4.600837253163297,42.77859057486057,3.557644389577695,38.2601334831029
14:07:45.197,14:07:44.999,32.103182883331016,118.86862051994922,0,4.595177385737497,42.77859057486057,3.5649518687347723,38.2601334831029
14:07:46.187,14:07:45.999,32.103182883331016,118.86862051994922,0,4.5919224455263015,42.77859057486057,3.5691434948822933,38.2601334831029
14:07:47.199,14:07:46.999,32.103182883331016,118.86862051994922,0,4.588982563745395,42.77859057486057,3.5729226219482535,38.2601334831029
14:07:48.195,14:07:47.999,32.103182883331016,118.86862051994922,0,4.5864224719047835,42.77859057486057,3.5762083191553113,38.2601334831029
14:07:49.190,14:07:48.999,32.103182883331016,118.86862051994922,0,4.583780250581172,42.77859057486057,3.579594341146891,38.2601334831029
14:07:50.191,14:07:49.999,32.103182883331016,118.86862051994922,0,4.581868676721938,42.77859057486057,3.5820408236176196,38.2601334831029
14:07:51.191,14:07:50.999,32.103182883331016,118.86862051994922,0,4.580143826764544,42.77859057486057,3.584246023773965,38.2601334831029
14:07:52.191,14:07:51.999,32.103182883331016,118.86862051994922,0,4.5790143605363545,42.77859057486057,3.585688848574383,38.2601334831029
14:07:53.200,14:07:52.998,32.103182883331016,118.86862051994922,0,4.577658981699542,42.77859057486057,3.5874190276652036,38.2601334831029
14:07:54.202,14:07:53.998,32.103182883331016,118.86862051994922,0,4.576443582671047,42.77859057486057,3.5889693739871666,38.2601334831029
14:07:55.191,14:07:54.998,32.103182883331016,118.86862051994922,0,4.57604718501089,42.77859057486057,3.5894747795941875,38.2601334831029
14:07:56.188,14:07:55.998,32.103182883331016,118.86862051994922,0,4.575431107280278,42.77859057486057,3.5902600484255744,38.2601334831029
14:07:58.191,14:07:57.998,32.103182883331016,118.86862051994922,0,4.575331666112906,42.77859057486057,3.590386772738187,38.2601334831029
14:08:06.195,14:08:05.998,32.10314814555623,118.8685837061259,0,4.57890667625317,48.021839866414666,3.5858263598441265,38.26010889700404
14:08:07.191,14:08:06.998,32.10314802894788,118.86858344597488,0,4.570590921459874,48.1366179343313,3.5964198394316274,38.26010858930487
14:08:09.194,14:08:08.998,32.103151969781514,118.8685879409553,0,4.662973296624573,48.10854164790362,3.4758045209354047,38.260111903804294
14:08:10.187,14:08:09.998,32.103152041757795,118.86858803507603,0,4.714023838402883,48.102327334694564,3.4062466563298353,38.26011198416394
14:08:15.194,14:08:14.997,32.103152041757795,118.86858803507603,0,4.661717841980939,48.102327334694564,3.4774881444147905,38.26011198416394
14:08:16.185,14:08:15.997,32.103152041757795,118.86858803507603,0,4.657729862784528,48.102327334694564,3.482827810574915,38.26011198416394
14:08:17.194,14:08:16.997,32.103152041757795,118.86858803507603,0,4.654068991786717,48.102327334694564,3.487718287430653,38.26011198416394
14:08:18.187,14:08:17.997,32.103152041757795,118.86858803507603,0,4.651101177891406,48.102327334694564,3.491675080216658,38.26011198416394
14:08:19.187,14:08:18.997,32.103152041757795,118.86858803507603,0,4.64914888154431,48.102327334694564,3.4942741320657906,38.26011198416394
14:08:20.197,14:08:19.997,32.103152041757795,118.86858803507603,0,4.6472600171071425,48.102327334694564,3.496785862214923,38.26011198416394
14:08:21.196,14:08:20.997,32.103152041757795,118.86858803507603,0,4.646983177198453,48.102327334694564,3.497153754644398,38.26011198416394
14:08:22.190,14:08:21.997,32.103152041757795,118.86858803507603,0,4.646409550072667,48.102327334694564,3.4979158545886087,38.26011198416394
14:08:23.190,14:08:22.997,32.103152041757795,118.86858803507603,0,4.646219203989691,48.102327334694564,3.498168683935387,38.26011198416394
14:08:24.190,14:08:23.997,32.103152041757795,118.86858803507603,0,4.646024928811231,48.102327334694564,3.4984267026269724,38.26011198416394
14:08:25.197,14:08:24.997,32.103152041757795,118.86858803507603,0,4.645519047084803,48.102327334694564,3.4990984290187006,38.26011198416394
14:08:26.195,14:08:25.997,32.103152041757795,118.86858803507603,0,4.644797972000741,48.102327334694564,3.5000555470001675,38.26011198416394
14:08:27.208,14:08:26.997,32.103152041757795,118.86858803507603,0,4.6439816148113175,48.102327334694564,3.5011386425109348,38.26011198416394
14:08:28.198,14:08:27.997,32.103152041757795,118.86858803507603,0,4.643598333248597,48.102327334694564,3.501646977100874,38.26011198416394
14:08:29.190,14:08:28.997,32.103152041757795,118.86858803507603,0,4.643134755586871,48.102327334694564,3.5022616513119176,38.26011198416394
14:08:30.189,14:08:29.997,32.103152041757795,118.86858803507603,0,4.642473874946176,48.102327334694564,3.5031376440601183,38.26011198416394
14:08:31.190,14:08:30.997,32.103152041757795,118.86858803507603,0,4.642190903271299,48.102327334694564,3.5035126159861387,38.26011198416394
14:08:32.189,14:08:31.997,32.103152041757795,118.86858803507603,0,4.641916445401493,48.102327334694564,3.5038762459168,38.26011198416394
14:08:33.198,14:08:32.997,32.103152041757795,118.86858803507603,0,4.6413673326043545,48.102327334694564,3.5046035890842173,38.26011198416394
14:08:34.194,14:08:33.996,32.103152041757795,118.86858803507603,0,4.640926571392253,48.102327334694564,3.505187240609863,38.26011198416394
14:08:35.182,14:08:34.996,32.103152041757795,118.86858803507603,0,4.640528950975722,48.102327334694564,3.5057136346177797,38.26011198416394
14:08:36.194,14:08:35.996,32.103152041757795,118.86858803507603,0,4.640395610751562,48.102327334694564,3.505890130695267,38.26011198416394
14:08:37.190,14:08:36.996,32.103152041757795,118.86858803507603,0,4.639913612713923,48.102327334694564,3.506528012057064,38.26011198416394
14:08:38.187,14:08:37.996,32.103152041757795,118.86858803507603,0,4.639881255915591,48.102327334694564,3.5065708268609086,38.26011198416394
14:08:39.201,14:08:38.996,32.103152041757795,118.86858803507603,0,4.639860832045881,48.102327334694564,3.5065978514844485,38.26011198416394
14:08:40.199,14:08:39.996,32.103152041757795,118.86858803507603,0,4.6397846258907744,48.102327334694564,3.506698683681911,38.26011198416394
14:08:41.193,14:08:40.996,32.103152041757795,118.86858803507603,0,4.639697356613946,48.102327334694564,3.5068141484570288,38.26011198416394
14:08:42.181,14:08:41.996,32.103152041757795,118.86858803507603,0,4.6396227120536055,48.102327334694564,3.5069129049044245,38.26011198416394
14:08:43.200,14:08:42.996,32.103152041757795,118.86858803507603,0,4.639485486129414,48.102327334694564,3.507094446515998,38.26011198416394
14:09:19.198,14:09:19.000,32.10318766785148,118.86862539858085,0,4.662325779818176,46.83141697291285,3.476673029727079,38.26013655313722
14:09:20.192,14:09:20.000,32.103189187496646,118.86862699646723,0,4.656610444072097,46.87927543185651,3.4843243541535434,38.260137607946064
14:09:21.187,14:09:21.000,32.10318967044842,118.86862866927922,0,4.655470621044174,46.647751772776246,3.4858471465891063,38.26013986388268
14:09:22.188,14:09:22.000,32.103188564152184,118.86863091504523,0,4.692872009193435,46.38505173381418,3.435329582167861,38.260144716397654
14:09:23.188,14:09:23.000,32.10318779332412,118.8686334401414,0,4.7556230237341195,46.44026594888419,3.3479227423760536,38.26014968073539
14:09:24.184,14:09:24.000,32.10318758870782,118.86863408975506,0,4.788701439923654,46.4291323563084,3.300435660948712,38.26015096443527
14:09:26.192,14:09:26.000,32.10318784715085,118.86863171618941,0,4.818854459127828,46.31412617024034,3.256252252902511,38.2601467825268
14:09:29.188,14:09:29.000,32.10318784715085,118.86863171618941,0,4.7983003294846025,46.31412617024034,3.2864648150949054,38.2601467825268
14:09:32.197,14:09:32.000,32.10318784715085,118.86863171618941,0,4.750040732598576,46.31412617024034,3.3558382069824555,38.2601467825268
14:09:33.188,14:09:33.000,32.10318784715085,118.86863171618941,0,4.737827658510765,46.31412617024034,3.373058865635053,38.2601467825268
14:09:34.190,14:09:34.000,32.10318784715085,118.86863171618941,0,4.726770760227258,46.31412617024034,3.388535850931707,38.2601467825268
14:09:35.188,14:09:35.000,32.103199510009865,118.86863398539266,0,4.7180839109007895,46.45843786094338,3.40062071429437,38.26013840068526
14:09:36.191,14:09:36.000,32.10319861610224,118.86863231907257,0,4.698322528369193,46.59430436696857,3.4278714171052775,38.26013658262348
14:09:37.193,14:09:36.999,32.10319850270434,118.86863257512609,0,4.692463267672026,46.3141411440447,3.435887878603958,38.26013712264796
14:09:38.199,14:09:37.999,32.10319620513644,118.86863243172238,0,4.712279962539349,46.68757883366197,3.408658766646932,38.26013927444413
14:09:39.199,14:09:38.999,32.10318578648014,118.86863024524082,0,4.751383811543279,47.29109687265009,3.3539363303726106,38.26014649937282
14:09:40.190,14:09:39.999,32.103180957337855,118.86862775621759,0,4.752808172372495,47.202449668198824,3.351917586907241,38.26014741544216
14:09:41.188,14:09:40.999,32.103170051298186,118.86862129457379,0,4.747819082189637,47.43356281798333,3.358980648289713,38.26014809858241
14:09:42.189,14:09:41.999,32.1031640138496,118.86861564656985,0,4.7693327146351745,47.61370331607759,3.328363335019106,38.260145062461504
14:09:43.191,14:09:42.999,32.10315718272762,118.86861051150521,0,4.804607291146825,47.253478231839836,3.2772375273464087,38.2601436970081
14:09:44.198,14:09:43.999,32.103153185838394,118.86861123759262,0,4.762677484119309,47.5600556852296,3.337879598645194,38.26014904870523
14:09:45.199,14:09:44.999,32.10314847451653,118.86860632856617,0,4.70803857760246,48.29744583647698,3.4145145752501684,38.26014585247278
14:09:46.189,14:09:45.999,32.10314861318486,118.8686068059659,0,4.67589952946273,48.30359520949423,3.4583956718627578,38.26014649541676
14:09:47.190,14:09:46.999,32.10314861318486,118.8686068059659,0,4.659586703079556,48.30359520949423,3.4803431999262697,38.26014649541676
14:09:48.192,14:09:47.999,32.10314861318486,118.8686068059659,0,4.65381160505763,48.30359520949423,3.4880617221344816,38.26014649541676
14:09:49.191,14:09:48.999,32.10315252020041,118.86859045373868,0,4.644193539585044,49.07924280874431,3.5008575234741235,38.260115474470076
14:09:50.202,14:09:49.999,32.10315603205001,118.8685951483767,0,4.64998827281844,49.66481350455433,3.4931570384739103,38.26011956405244
14:09:51.192,14:09:50.999,32.103148797376456,118.86858731036762,0,4.6826528458537195,49.748989563435316,3.449246201419507,38.260114161746095
14:09:52.191,14:09:51.999,32.1031416143637,118.8685802326081,0,4.741847077581549,50.038454552181065,3.367406023279663,38.26010995915445
14:09:53.197,14:09:52.999,32.103139333286606,118.86857697264996,0,4.86576278917908,50.01984812691808,3.1857321783585415,38.260106955575026
14:09:54.195,14:09:53.999,32.10313967954945,118.86858109208485,0,4.918296988276276,50.039724338799715,3.1040122048570216,38.26011338732859
14:09:55.195,14:09:54.999,32.10313697607627,118.86858174995352,0,5.434475592657904,49.81283313408494,2.7794886811271518,38.26011728210352
14:09:56.200,14:09:55.999,32.10313664134306,118.8685823696637,0,5.984778437988462,49.80036087613553,2.7599354481170915,38.26011865175655
14:09:59.193,14:09:58.998,32.10313664134306,118.8685823696637,0,5.430412821442655,49.80036087613553,2.843762040727481,38.26011865175655
14:10:00.189,14:09:59.998,32.10313664134306,118.8685823696637,0,4.7235445289497555,49.80036087613553,3.393031699795579,38.26011865175655
14:10:01.191,14:10:00.998,32.10313664134306,118.8685823696637,0,4.681362182449825,49.80036087613553,3.450997703493505,38.26011865175655
14:10:02.196,14:10:01.998,32.10313664134306,118.8685823696637,0,4.669934103059566,49.80036087613553,3.4664466685454842,38.26011865175655
14:10:03.193,14:10:02.998,32.10313664134306,118.8685823696637,0,4.667897608376353,49.80036087613553,3.4691885146966523,38.26011865175655
14:10:04.192,14:10:03.998,32.10313664134306,118.8685823696637,0,4.665335305848369,49.80036087613553,3.4726335131703068,38.26011865175655
14:10:05.190,14:10:04.998,32.10313664134306,118.8685823696637,0,4.661806105689302,49.80036087613553,3.4773698201006447,38.26011865175655
14:10:06.192,14:10:05.998,32.103135946942764,118.86857476240073,0,4.660220051011636,50.04055765364319,3.4794950939666442,38.260106831522606
14:10:07.188,14:10:06.998,32.10312913201644,118.86857870340887,0,4.674108620497377,50.02490865718573,3.460815747274181,38.260120412877725
14:10:08.202,14:10:07.998,32.103102723486714,118.86857177034928,0,4.741169349396668,49.98263811599463,3.368360169745868,38.260136433032876
14:10:09.190,14:10:08.998,32.103039162365484,118.86851152623609,5.5097941951899445,4.813425940236372,49.84426723793149,3.264271396598088,208.62439459188496
14:10:10.194,14:10:09.998,32.102984414362844,118.86841722833245,8.017487097617042,4.842388158784805,49.6487270379439,3.22115102912756,224.19022596039804
14:10:11.194,14:10:10.998,32.10292740900923,118.86828866312044,10.843809249026434,4.878116210188703,49.479491993784904,3.1667837426453733,227.00280896326296
14:10:12.186,14:10:11.998,32.10288188923029,118.86813594254014,11.709045568678246,4.887305530466847,49.15793227870017,3.152583335085214,246.42416604960488
14:10:13.195,14:10:12.998,32.10283860073908,118.8680129581201,13.34645429005919,4.871013524989113,48.98139749933034,3.177697951687978,241.0154924162881
14:10:14.197,14:10:13.998,32.10281673241944,118.86785164006203,13.369139575522249,4.882846309458566,49.07225883565843,3.1594855516358504,251.045978134868
14:10:15.192,14:10:14.998,32.10278641788275,118.8677357998468,12.325098492639215,4.9031207192655994,49.28914464637637,3.127929705907284,243.7856563283216
14:10:16.197,14:10:15.998,32.1027682545215,118.86763408122032,10.647432262669167,4.956644151402431,49.76995070558041,3.0424029629812224,246.65776357849046
14:10:17.193,14:10:16.998,32.10275172071528,118.8675415567316,10.034472394333255,5.022347095006332,49.979417002759874,2.9326722779864616,248.9097034201061
14:10:18.194,14:10:17.998,32.10275426177513,118.86746151921142,8.437718888860255,5.099237745389281,50.08322860300541,2.796839546485653,256.9935320439797
14:10:19.195,14:10:18.997,32.10302950869383,118.86762096830812,8.181370438522366,7.077539879665736,47.327814356423914,2.670878937528022,267.7886295479133
14:10:20.201,14:10:19.997,32.103063738629366,118.8675591778165,7.370803195375574,7.178571527792549,47.14465240389109,2.754436043459159,281.98179134847953
14:10:21.182,14:10:20.997,32.10315752671236,118.8675901511886,5.733089023885547,6.90047350667302,45.344864341430366,2.768641034167278,321.3923217505731
14:10:22.193,14:10:21.997,32.10323409172315,118.86760620414111,6.288009951862665,7.001860577561398,45.136023534461856,2.7957681306879545,345.75071822021135
14:10:23.180,14:10:22.997,32.10332179905998,118.86760949653126,7.586381604143437,7.386408976475664,44.76997477374971,2.8443926530855035,353.92458379916593
14:10:24.190,14:10:23.997,32.103416951565485,118.8676194845571,8.861429798327807,7.933462208083964,44.44165742583573,2.9184762858883055,1.5999877955132282
14:10:25.193,14:10:24.997,32.103497765335774,118.86770380388872,9.811905096363027,8.210605304527347,44.059519067406654,2.9959859537875806,22.619585632667075
14:10:26.208,14:10:25.997,32.10348301423401,118.86787368952889,9.823515410882594,7.367924321161783,44.73511153366417,3.0437521004995185,63.56210956300427
14:10:27.190,14:10:26.997,32.10351989983651,118.86800451085689,10.987065570988252,7.162649428546877,44.9856492979452,3.1317204457376797,69.93120834118099
14:10:28.194,14:10:27.997,32.10354408764878,118.86812265543126,10.269268673608794,6.859049029019773,45.39502001181245,3.1872441338651334,75.11462926176009
14:10:29.192,14:10:28.997,32.103494088233894,118.8681620709179,6.446012708877188,6.847587304092598,45.07571823615581,3.1802354346303043,105.92267323252366
14:10:30.190,14:10:29.997,32.10341732656061,118.86814638433476,5.422168316859705,6.567582891349306,44.92981047462672,3.200580753321282,159.09175253214158
14:10:31.190,14:10:30.997,32.10343095882824,118.8680403106102,4.73889082774976,6.621779464817247,43.982332416810095,3.2483593014534073,244.06559627901424
14:10:32.201,14:10:31.997,32.10345170543926,118.86789390008259,8.700405537956104,6.523174107684524,42.76340932305902,3.2665404829838,270.8764245082701
14:10:33.182,14:10:32.997,32.103414112684995,118.86779504851091,8.674161364479573,6.949998815680957,42.83643072191626,3.3289143025443177,257.04108525375085
14:10:34.204,14:10:33.997,32.10334295978842,118.86774641148246,7.90948717455531,7.603056127710028,43.13722512777895,3.4107570702142507,234.50406695146432
14:10:35.191,14:10:34.997,32.103261510363055,118.86779761754218,6.765653595999522,8.411035827242486,43.261920081451535,3.4764863581202157,195.79392009498403
14:10:36.181,14:10:35.997,32.10323935988739,118.86796793045151,6.966738051056732,8.741828793336389,42.911408476531506,3.497727161037834,136.2328183936653
14:10:37.184,14:10:36.997,32.1032697961129,118.8680895250004,6.74374276986466,8.866061881498123,43.39693061541766,3.5443236018169357,103.88184146399132
14:10:38.195,14:10:37.997,32.10337053434281,118.86822185949217,8.326882021517804,8.764950905320973,43.347150944173336,3.6440261745414597,65.95863567560075
14:10:39.212,14:10:38.997,32.1034937564534,118.86829790175489,9.724453461866071,8.27634584601521,43.00235697068274,3.740923919708848,38.290302988094155
14:10:40.204,14:10:39.996,32.10361901958479,118.86836536309684,11.052227337500131,7.9808164425287,43.797887766733766,3.7482968837350294,28.574429030467766
14:10:41.192,14:10:40.996,32.10369864566371,118.86847569616769,11.482241214567306,7.563989031405808,45.61549767013639,3.7500484037619133,40.454576040742005
14:10:42.188,14:10:41.996,32.10369495233764,118.86866952393333,10.151621323928078,7.197780187466351,43.72316945809871,7.016549838769643,64.00363017834316
14:10:43.197,14:10:42.996,32.10361803630275,118.86865042497679,2.647002159607527,7.056317825878788,44.17653675470501,6.978608204412082,56.380606601629594
14:10:44.186,14:10:43.996,32.10355558403259,118.86856244163786,3.2677474458694022,6.768039556615867,39.029709031805396,6.738384710290857,276.63436348317805
14:10:45.208,14:10:44.996,32.10356151160554,118.8685358237226,0,6.662610867089475,39.19673832412809,6.6780090281509255,277.2401362180814
14:10:46.200,14:10:45.996,32.103544373251395,118.8685397294969,3.462479269307697,6.978407269063396,38.22266187891364,6.42888481407528,71.24297586186667
14:10:47.196,14:10:46.996,32.10349147415173,118.86857183059848,4.002380474830636,7.075755763059706,38.371385182254016,6.436627058249029,82.05414395580303
14:10:48.186,14:10:47.996,32.103456210016674,118.86869065532191,6.853471890607509,7.425881835693722,37.410290081985295,6.419274071035106,93.0758750980922
14:10:49.185,14:10:48.996,32.10343733251949,118.86884916518387,10.079643090530093,7.494275364301653,35.981833728030324,6.42875311936925,95.28034944146957
14:10:50.194,14:10:49.996,32.10344172881924,118.86899604906898,12.12559742150735,7.584135197961336,34.673569444566965,6.423405035842831,93.70097213688283
14:10:51.205,14:10:50.996,32.10346825799763,118.86913458813645,12.303884917878356,7.608893357396362,35.308399367146194,6.3795568418798,83.83706799476309
14:10:52.199,14:10:51.996,32.10353284136163,118.86920027854524,9.00162337405424,7.224494355975843,37.377862949855626,6.191978074004381,63.83558910239003
14:10:53.196,14:10:52.996,32.10360263876886,118.86923125945923,6.259996394495618,7.293532698744625,39.61751581542194,6.230877092487091,54.39407178801337
14:10:54.186,14:10:53.996,32.103880381169695,118.86920639791923,6.110075216208991,28.484714344508113,40.61205565650016,6.378167596454114,82.80609893798828
14:10:55.189,14:10:54.996,32.103876543963544,118.8691706664941,4.7906270131518,22.7061903658204,40.350012318231165,6.476242843701899,82.80609893798828
14:10:56.196,14:10:55.996,32.10389444082668,118.86902424354463,1.3339707480101297,34.1465892284298,35.478201505728066,6.226738159490711,262.80609130859375
14:10:57.195,14:10:56.996,32.10387502593031,118.86884355179532,6.289020608685797,40.90092191358268,35.882587952539325,6.014395887505577,262.80609130859375
14:10:58.196,14:10:57.996,32.10386742772422,118.86877281553582,5.6457204116573285,35.615481391639534,37.06417900417,5.791304652791893,262.80609130859375
14:10:59.195,14:10:58.996,32.10387115388713,118.86880748960037,2.385210715077638,32.43099297004532,40.411233274266124,5.388661249375243,262.80609130859375
14:11:00.192,14:10:59.995,32.10361932575732,118.86889775210501,2.9008658266337295,4.984852201164338,36.869266921654344,5.088921036646345,89.93961324993492
14:11:01.191,14:11:00.995,32.103702345666804,118.86902170484788,6.752177546112937,4.802639966908362,33.9640250466764,4.917571418691376,73.00284330074567
14:11:02.189,14:11:01.995,32.1037573963565,118.86913067361296,8.47775281164961,4.820012837434015,32.662368652410805,4.825567536630237,64.06163842538514
14:11:03.190,14:11:02.995,32.10379524565396,118.8692524684889,9.358173254099174,4.9132698531304015,35.0491242390126,4.757739653276983,76.27430367313384
14:11:04.203,14:11:03.995,32.10373363385323,118.86938837104971,9.586477930497567,4.916812744376765,37.467467428185046,4.757160906273602,104.88844087173737
14:11:05.192,14:11:04.995,32.10360067535529,118.86940980283974,8.226441774026759,4.573882000172018,35.688983369618654,4.60221438975596,144.8874123692713
14:11:06.186,14:11:05.995,32.103505717460884,118.86937912856214,8.57836307704543,4.802515754857729,33.870314655825496,4.484088156406018,167.755718146144
14:11:07.189,14:11:06.995,32.10339589424538,118.86930014760689,9.347251380940072,4.8115822817379525,33.16869290731847,4.426395478705173,196.32557804002442
14:11:08.192,14:11:07.995,32.10330704261178,118.86912986942467,12.309151354307255,4.627283562570713,34.310823869891465,4.404242451788426,226.13347281987902
14:11:09.193,14:11:08.995,32.10329880152411,118.86897980033771,12.799242905620066,4.692217853891583,34.50121917575598,4.39141987651912,244.537723881567
14:11:10.200,14:11:09.995,32.1032798024318,118.8688475991182,12.923880283797857,4.7512650011499264,34.71828336734325,4.3790988266724495,250.30078377832984
14:11:11.199,14:11:10.995,32.10327538738082,118.86867926453006,14.139070838782708,4.81131157449994,34.26783157605678,4.474906249127851,259.199842423189
14:11:12.194,14:11:11.995,32.103244762072606,118.8685119530933,15.090772863953221,4.951850548924389,33.68247554078698,4.524536089092435,259.78190693712247
14:11:13.194,14:11:12.995,32.10322678008187,118.8683501085323,15.266102778546953,5.216663858520643,32.87029170431197,4.640461113145737,260.7867759136726
14:11:14.191,14:11:13.995,32.10321302291999,118.86816868366326,16.00305855977279,5.557825850233818,31.523022409528494,4.789516089053382,262.78010816584197
14:11:15.186,14:11:14.995,32.10320597958496,118.86800007921359,16.033775525554162,5.889281965865205,31.809073713608086,4.928877109876832,264.58183383702163
14:11:16.190,14:11:15.995,32.103206411773584,118.86783170559681,16.24798793607018,5.960209384021152,28.713746731169522,4.996057021147944,270.85218506064575
14:11:17.201,14:11:16.995,32.10322215974899,118.8676674235892,15.75527681279154,5.6458691943145265,33.97969940956682,4.809620380360174,281.4737554707097
14:11:18.190,14:11:17.995,32.103356113475996,118.86758802532661,14.187380658267607,5.4076425782564215,35.166812802664936,4.7307664216575915,304.47792126206383
14:11:19.202,14:11:19.000,32.1035389674311,118.86765407915861,12.797190114217676,5.230312853824185,34.8448174437508,4.7609726931834055,341.33365245506263
14:11:20.190,14:11:20.000,32.103672425830815,118.86776226601253,14.177336666215135,5.172995540781471,33.90113642346114,4.70690162235056,15.011857635886848
14:11:21.189,14:11:21.000,32.10371431245222,118.8679826822211,14.758138916614755,5.441619089072122,35.800718896090984,4.6776033831501085,46.4429992807992
14:11:22.181,14:11:22.000,32.103550984174,118.86758007724265,4.533104194559367,10.053221083226221,34.9771438902244,4.12598421396375,2.2979114118917767
14:11:23.178,14:11:23.000,32.10351272650459,118.86793668851507,10.354081183330214,8.61406424396019,34.661906972527504,4.125822062309265,89.36021497588014
14:11:24.201,14:11:24.000,32.10332693495349,118.8679400071231,9.532199546433379,7.911681707809499,35.43260758649558,4.128825552382395,142.92055579024222
14:11:25.203,14:11:25.000,32.103303676244636,118.86789781093277,5.776066215301193,7.902690082723414,34.74416139628738,4.14133512911591,178.4251563088192
14:11:26.200,14:11:26.000,32.10338755378502,118.86776235778117,7.231664832803678,7.811547512643477,34.625064346939325,4.156616078025739,274.55361126234993
14:11:27.191,14:11:27.000,32.10339315922152,118.86766439685684,8.507123309552021,8.035791789581653,34.420328366570175,4.16485233398603,274.1306170368432
14:11:28.197,14:11:28.000,32.10336189052829,118.86762826590734,6.815269903498651,8.252272731749134,34.77033461816609,4.128100452806568,251.8655425817089
14:11:29.193,14:11:29.000,32.10330150309701,118.86785737709167,5.968948107864828,6.713337688110517,35.86008468270302,4.083697595949441,139.547782461689
14:11:30.187,14:11:30.000,32.10330391407841,118.86805333260212,9.85940485992608,5.98682680547474,37.27337579615414,4.052440898075984,100.23737501320055
14:11:31.184,14:11:31.000,32.10333670288674,118.86817995401653,10.405161886763084,5.5888064813120035,37.384588127955794,4.046038023073959,80.87124184675143
14:11:32.195,14:11:32.000,32.10340414591044,118.86829392788044,10.950768915811915,5.429757941360579,37.99143138900399,4.074919741719992,60.06998512604294
14:11:33.190,14:11:33.000,32.10350463879226,118.86834850704038,10.735107346726638,5.260591261128045,38.0769659942016,4.061979664496992,36.34838109149524
14:11:34.184,14:11:34.000,32.10361975906041,118.86833941808867,10.969211843663563,4.945757637310772,39.090496686287224,4.000290397255029,9.93154092150255
14:11:35.195,14:11:35.000,32.103713742549786,118.86841434091546,11.779053807086289,4.90313171836652,39.0363342044875,3.9985197122661167,24.193833317041328
14:11:36.185,14:11:36.000,32.103755518050185,118.86857368285229,11.949829700729477,4.697563476881061,39.16774080693722,4.001318784085421,56.791845883926705
14:11:37.200,14:11:37.000,32.10368235775684,118.86867224132833,9.361338717989968,4.543228115801412,39.52723306417465,3.979748581476648,98.47592583694993
14:11:38.190,14:11:38.000,32.103585316677744,118.86866689804317,7.242260271249349,4.547046169705677,41.37342174816877,3.9226459089837133,153.7475613049727
14:11:39.196,14:11:39.000,32.10357044030003,118.8685534220143,5.853496482971716,4.544207928920831,40.18862130586058,3.928115261951111,235.26774944405025
14:11:40.189,14:11:40.000,32.1035477049919,118.86844882243771,7.77221527865085,4.535417011429824,40.495772580616176,3.9055925837216168,250.79621323577993
14:11:41.186,14:11:41.000,32.10348481237223,118.86845709039994,6.023026532063483,4.586871366158626,39.83037281315774,3.8709788604293762,204.48029281997265
14:11:42.186,14:11:41.999,32.10340439299562,118.86855416546152,8.171846149197512,4.606912029118417,39.24547835625708,3.8525860153864966,150.20958260143848
14:11:43.189,14:11:42.999,32.10338184843253,118.86868949381999,9.66773208688542,4.649037346775562,39.276191325858235,3.8652547581875045,113.98919971431758
14:11:44.199,14:11:43.999,32.10341036908,118.86882382484214,10.491204354525813,4.657448755028894,39.28095274884254,3.914956184764324,87.89300259871014
14:11:45.191,14:11:44.999,32.10344785060726,118.86897906478798,12.469756118351658,4.6620898644066235,39.75405280198902,3.9313721179745102,77.374246741251
14:11:46.205,14:11:45.999,32.10345403701309,118.86912319811317,12.87592419994354,4.701004800374846,40.48174622002989,3.889083341918106,81.83120189737834
14:11:47.190,14:11:46.999,32.10352856763209,118.86923437786514,12.080048206513402,4.654344056501747,40.158065516501665,3.9046000994659695,63.13203065977045
14:11:48.189,14:11:47.999,32.103627744470415,118.86927046555948,10.99130547874415,4.6420286341078585,39.8674945384264,3.9003771849001634,35.214480956504005
14:11:49.200,14:11:48.999,32.10371653204952,118.86921285807067,9.598563716625838,4.721616716593198,40.00526879820973,3.9115142885390903,357.8740673047539
14:11:50.186,14:11:49.999,32.10371223910861,118.86909719896754,7.066591654123159,4.757137094091393,40.85308388341218,3.9287069643964734,305.7851563661947
14:11:51.198,14:11:50.999,32.10361059800098,118.86901124837172,6.990040669999852,4.717316915165696,40.92193796671927,3.968503048840748,240.28285073017605
14:11:52.195,14:11:51.999,32.10354634691005,118.86891164643055,9.018561444071038,4.748706676423499,39.41525701619685,3.9350043117501095,239.13062975533492
14:11:53.194,14:11:52.999,32.103595988514016,118.86879946012407,9.42694066472762,4.730342713789691,40.58784616086632,3.9080181115306063,275.52184817856704
14:11:54.200,14:11:53.999,32.10368444483036,118.86877089369807,8.05798725760565,4.689428541543831,40.9838365893811,3.876745769326535,319.8996832154411
14:11:55.187,14:11:54.999,32.10375341090626,118.86887761327975,7.333414372189471,4.604900815478745,40.31669265124947,3.8261423780124812,23.713813683881824
14:11:56.182,14:11:55.999,32.103772970186135,118.86904686642819,10.878382604666013,4.5774280527956055,40.03894979134202,3.7937384644752137,67.305489152067
14:11:57.207,14:11:56.999,32.103778743167595,118.86917159403428,11.313375783355308,4.69346810187775,39.39237659238279,3.723446971983296,77.53388680648585
14:11:58.195,14:11:57.999,32.10378924826025,118.86930591724858,12.047069915918069,4.732394835109302,39.43833163380623,3.7274582686967257,80.86871406490893
14:11:59.208,14:11:58.999,32.10376793266929,118.86944254055548,12.327595957202176,4.834730063530116,39.732236745767295,3.625562310090286,90.3334389292292
14:12:00.191,14:11:59.999,32.10365881770304,118.86950066568542,10.58919660763564,4.72346844727354,39.44209102168679,3.634501718766715,126.79781417305716
14:12:01.187,14:12:00.999,32.10354080611447,118.86946335125093,9.502840756786314,4.700054808248788,39.314453014172614,3.6149857561287355,166.0449014140425
14:12:02.190,14:12:01.999,32.10344166758625,118.8693382307208,10.831524684968176,4.668941178071202,38.31499596033245,3.634048354994093,203.17635164703694
14:12:03.197,14:12:02.999,32.10334563951771,118.86925912948382,11.596073386198645,4.700819635587028,38.24963034875691,3.6219237054327724,207.78181052893282
14:12:04.200,14:12:03.998,32.10326280444439,118.86906710759595,11.978635495485484,4.72425720649533,40.623206274583936,3.6838034732491747,231.23709299551936
14:12:05.199,14:12:04.998,32.10326787568931,118.86892442464722,12.471762323517831,4.783867289384473,39.80199111159891,3.6401930399852303,249.12464369655032
14:12:06.201,14:12:05.998,32.10327826584987,118.86879244209047,12.615124611291563,4.844917082118353,36.791717565618455,3.618151416458461,257.66672089302705
14:12:07.191,14:12:06.998,32.10326412530716,118.86863077817193,13.657661324540934,4.779737747243179,38.76391393132508,3.603274280817159,261.8371817796044
14:12:08.189,14:12:07.998,32.10324849707138,118.86847263577046,14.380126143639286,4.714896626136989,38.77916822489351,3.6598997801912514,262.70422836355186
14:12:09.189,14:12:08.998,32.10322645201638,118.86830732132537,15.026545317894815,4.646765781657518,38.17228896077722,3.7366366299528444,262.4610358046739
14:12:10.208,14:12:09.998,32.103215267072635,118.86815149330184,15.093335879768818,4.620915856066216,37.49051325395703,3.8328091494973613,262.9926611983451
14:12:11.191,14:12:10.998,32.103188835248645,118.86798681901705,15.424959850162258,4.612912725588457,36.742717906832695,3.9264668447173756,262.0925508336439
14:12:12.198,14:12:11.998,32.10318292924982,118.86780892322946,15.819424310850113,4.62643365464131,37.67639360856265,3.9334820535881656,270.2040807214826
14:12:13.190,14:12:12.998,32.10322606941521,118.86766077967681,14.435715745312105,4.721337254595969,35.91550080943853,3.8302196265173434,287.5133021902612
14:12:14.194,14:12:13.998,32.10331971487072,118.86757484918495,11.790627995284476,4.675400424332838,36.3644394390285,3.9540687890774584,307.6643044872663
14:12:15.189,14:12:14.998,32.10343517587128,118.86760394405239,8.619975594963087,4.691324375532707,36.168134353123605,4.017755905766342,340.3912585264767
14:12:16.198,14:12:15.998,32.10356162396646,118.8677622583964,13.282874576012235,4.7330697756162,35.290961319580674,3.9588959153967966,32.665267857279225
14:12:17.193,14:12:16.998,32.103610929074144,118.86796447018637,15.012487216422887,4.691975115814298,35.534878636710346,3.948706535866644,55.768161771612625
14:12:18.202,14:12:17.998,32.10364255707056,118.86811787299231,14.646969108147717,5.136782832111731,38.137953996658325,3.9415989663802717,64.75136912019529
14:12:19.191,14:12:18.998,32.103578128720734,118.86821539993748,10.971282876995526,5.357024587366127,43.407715926878154,4.111435003674999,82.13670697129146
14:12:20.203,14:12:19.998,32.10350412100682,118.86823356684106,6.4007451950229,5.864128779350789,40.24848510045558,4.09320275783098,91.69650398745989
14:12:21.208,14:12:20.998,32.103453393304754,118.86804830478798,5.492226600644921,7.919199412649201,24.05563605297357,13.669122153502101,181.55238292256578
14:12:22.210,14:12:21.998,32.10353449567747,118.86787057411837,8.484130859367506,7.825224816670875,24.02810065075755,13.63581402408895,283.96986672161256
14:12:23.207,14:12:22.998,32.10351755105613,118.86776391859541,8.841871261588201,8.102810472884414,24.16945045720786,14.007024825136487,269.6565565983356
14:12:24.187,14:12:23.998,32.10351459520962,118.86772255792951,8.484130859367509,8.492119466408699,24.06754114665091,13.993079473503164,267.13867627184305
14:12:25.216,14:12:24.997,32.10349933910544,118.86776324263401,4.752734184263819,9.046977350760823,24.12575703766197,14.657323671887083,264.8332463529435
14:12:26.190,14:12:25.997,32.10350100810021,118.86783412471169,1.2469007968902588,9.83181526133662,23.6712033059448,14.6496293174875,-1
14:12:27.190,14:12:26.997,32.103499060027964,118.86800365728303,5.959147453305508,9.961519237349117,24.025909655727446,14.799322460427378,76.67446432441977
14:12:28.191,14:12:27.997,32.10353908006111,118.86815703052453,8.86577033995725,9.679909608707481,24.174554139375687,15.146253297969267,59.16781982931312
14:12:29.196,14:12:28.997,32.10361171923006,118.86822241778698,8.865770339957217,9.523771816948283,24.447464243508875,15.166697827729651,36.48600154007462
14:12:30.198,14:12:29.997,32.10370659759588,118.86827242030532,9.10353946684858,9.352719702948482,24.276058056391776,14.72179888231479,25.06159466553402
14:12:31.191,14:12:30.997,32.1037793168684,118.86840420270745,10.878165245040277,8.983371181684277,24.306225798092782,14.134289256424635,42.39409777094536
14:12:32.197,14:12:31.997,32.10380424701479,118.86855555359436,11.323120117169651,8.926392442679523,24.099609261378646,14.302845625390255,61.28049773931662
14:12:33.194,14:12:32.997,32.103813230253486,118.86864811327024,11.323120117169667,9.056802267296485,24.012954948469996,13.589199521192983,82.80609893798828
14:12:34.191,14:12:33.997,32.10381969126349,118.86864144431259,7.520665645594143,8.984756458563822,23.791317580267787,13.034405370749372,82.80609893798828
14:12:35.187,14:12:34.997,32.10379400747326,118.86849502131767,4.029728412627367,8.695005948131302,23.67998952139169,13.418596466842448,231.211709339232
14:12:36.205,14:12:35.997,32.10379955354997,118.86845404887178,4.029728412627366,18.39186684040716,23.84357102867216,13.495454356787144,82.80609893798828
14:12:37.187,14:12:36.997,32.10382241882443,118.86835387956644,7.2097508821864205,34.36045391764626,38.16003880929202,4.337063914519929,262.80609130859375
14:12:38.202,14:12:37.997,32.10383130220961,118.86853967955733,8.230228943439153,49.889495881222004,37.787407990545034,4.412114524624663,147.55921367123867
14:12:39.195,14:12:38.997,32.10337802939251,118.868726493682,9.028565643904772,8.257921913962669,36.98106922022998,4.459208726618451,126.3143189850559
14:12:40.190,14:12:39.997,32.10338624778968,118.86884128551279,8.906476482144479,8.553379412328669,37.47701719868928,4.473813846471451,106.59593951277236
14:12:41.199,14:12:40.997,32.10341147362823,118.86900172346294,10.896889069771882,8.510141003598442,37.565504282712936,4.4185283045032895,92.87118919006653
14:12:42.183,14:12:41.997,32.103430276940664,118.86915148770835,11.88970744791218,8.318018201362628,36.453233576379716,4.3785969572486625,87.16485700724242
14:12:43.198,14:12:42.997,32.10349330083449,118.8692382484905,10.01244285891501,8.675803091716416,36.93962555658072,4.4028338955234165,69.28099782138358
14:12:44.191,14:12:43.997,32.10355458838069,118.8693115098964,9.519366796091633,9.313722842929339,36.26283640507609,4.447972058461211,59.40967265347265
14:12:45.203,14:12:44.997,32.10365086962427,118.86917008722699,7.3284118992405185,9.750478916956766,35.95464613754302,4.516191881387441,356.6211147568165
14:12:46.195,14:12:45.996,32.103591867405186,118.8690941301204,2.4474407298703404,9.504471678573069,35.83665799256414,4.586389229577408,301.9093200780143
14:12:47.190,14:12:46.996,32.10348663796208,118.86890492814352,7.403393815858515,8.820201280888083,35.62592720333487,4.622780543498586,243.4969322990432
14:12:48.186,14:12:47.996,32.10386554631792,118.86875530575522,8.478334612693443,36.363103627443394,36.63695064838976,4.526441025980684,262.80609130859375
14:12:49.206,14:12:48.996,32.10384815100616,118.86878123532506,7.646357829750802,20.985673991267305,36.35516625083983,4.563263028836631,329.3108700776863
14:12:50.191,14:12:49.996,32.10383981765815,118.86892193378267,8.63210408170026,7.375848379867499,35.79196950048208,4.487082396212157,30.593986269757877
14:12:51.196,14:12:50.996,32.10386295593013,118.86904416247692,9.507035258272388,7.403818159689676,34.4718775106594,4.486394845216764,82.80609893798828
14:12:52.191,14:12:51.996,32.10387706121967,118.86917544201377,10.878428451997928,7.530314814951728,35.59079713188112,4.487116896014794,82.80609893798828
14:12:53.190,14:12:52.996,32.10389274043651,118.86932137456921,12.430657050552504,7.619225319371763,33.40583038982004,4.479051516084744,82.80609893798828
14:12:54.188,14:12:53.996,32.1039026025562,118.86941319458757,11.536521914586576,15.913230870998657,34.01701127830893,4.4139608786061535,82.80609893798828
14:12:55.187,14:12:54.996,32.10390744022625,118.86945825848954,10.030682742664228,28.918423675549267,34.207126727327704,4.384975371779847,82.80609893798828
14:12:56.179,14:12:55.996,32.10355813506461,118.86947024323821,8.405448615429215,7.370437708124768,33.58889507036656,4.406976154485947,153.98095511496226
14:12:57.193,14:12:56.996,32.10344145429337,118.869396286582,9.403838317495882,7.786194601829435,34.748006766662,4.405184339655817,184.44880036954908
14:12:58.201,14:12:57.996,32.10333277049056,118.86921567741165,12.353157126603453,7.241896167330417,36.989175857044756,4.390196158898748,218.85527414837364
14:12:59.192,14:12:58.996,32.10329255483388,118.86909358059212,12.115038529057804,7.661362627087583,37.351484548300505,4.433375213611536,233.2760776314471
14:13:00.188,14:12:59.996,32.10327639657747,118.86891429831032,13.558777413491875,7.983433292523369,37.12547496333718,4.426117681816881,249.25160030480225
14:13:01.189,14:13:00.996,32.10328818030031,118.86873832596099,14.270451950604938,8.138513946235019,37.129113452509046,4.458467778080119,260.98116358197274
14:13:02.187,14:13:01.996,32.10331649543748,118.86857205915659,14.642014471646274,8.244929035981086,36.86470182891935,4.51037033794193,269.431345370315
14:13:03.191,14:13:02.996,32.10333085547175,118.86837294543359,14.342650658422373,8.397281637067193,32.47185840923339,4.680015904943939,260.1941847054606
14:13:04.201,14:13:03.996,32.1032855825818,118.86819847901383,15.27011028205371,8.161375330801187,33.45212012715638,4.812701184942417,260.52288216282545
14:13:05.192,14:13:04.996,32.10324973886218,118.86803160837545,15.886169973844584,8.338164739605674,32.25719772931188,4.915022053786687,264.03043918412334
14:13:06.192,14:13:05.996,32.10321659104111,118.8678596521466,15.981978867588444,8.652443820984377,35.316682724282146,4.795502661340492,265.32176617793624
14:13:07.189,14:13:06.995,32.10322529730584,118.86767597442453,15.667542448400077,9.004081024649366,34.09865126758814,4.760942424977648,276.28936177702377
14:13:08.203,14:13:07.995,32.10336683522575,118.86762222504201,12.89981585844708,8.207328022643406,34.20707672741264,4.794110654119021,298.5578338105703
14:13:09.187,14:13:08.995,32.1035420214373,118.86763029721055,10.828881716006702,8.09230844285603,36.055959172546864,4.861989672144835,325.3140286030064
14:13:10.196,14:13:09.995,32.10366427893408,118.86772926860779,11.322292759399534,8.731922515241688,35.620647413656116,4.899324880536764,9.539320952585696
14:13:11.211,14:13:10.995,32.10371667085653,118.86796654963435,13.05009499315341,8.562876932652252,36.18301685899496,4.936424074055239,45.62297703093376
14:13:12.187,14:13:11.995,32.103700066309116,118.86815618426172,13.498916535990817,8.23867378037915,37.29990562610328,4.952701289828522,64.64749859638754
14:13:13.192,14:13:12.995,32.103603673397636,118.86821891561164,9.687417487048073,7.726356238679115,40.62916877493262,5.075816741107622,86.23367051123468
14:13:14.193,14:13:13.995,32.10356839770821,118.86800703046707,5.82280206680054,9.43562652015571,14.050502756610513,15.800001842300942,148.89265916082078
14:13:15.207,14:13:14.995,32.10350641553421,118.86802992954382,4.773346424101436,9.118848626136772,14.279931105673313,15.534904949390656,166.42670388631882
14:13:16.192,14:13:15.995,32.10347251085389,118.86800348719466,4.270852088927258,8.944546700159124,14.160614937543869,16.445994849891775,171.4978313111136
14:13:17.200,14:13:16.995,32.10346727064036,118.86787140174607,5.617903709409442,9.055618889375827,14.506903480738401,16.696663354556346,242.0990271939486
14:13:18.182,14:13:17.995,32.10343278333275,118.86784728361152,5.617903709409434,9.268945563765838,14.414589781314135,17.422286154838027,223.62451763831385
14:13:19.189,14:13:18.995,32.103421853939075,118.8678806666077,4.2049865722647075,9.560602059071355,14.321758266538382,17.770767217615322,217.14435718768786
14:13:20.193,14:13:19.995,32.103430692339735,118.86802342532464,4.204986572264713,9.763465004523804,14.218752493150532,17.90144858437309,98.40383676545012
14:13:21.197,14:13:20.995,32.103455770829896,118.86812803096107,5.72468042373427,9.856415375984714,14.510345262475312,17.85860431838829,77.93418358534748
14:13:22.193,14:13:21.995,32.103524317475454,118.8682800403894,10.674238204941105,9.805661311253035,14.750085928477347,17.516057157462523,62.70980329674803
14:13:23.187,14:13:22.995,32.1035948089025,118.86834718661133,10.674238204941071,9.922356068371617,14.711115668527782,17.562125131464356,48.63631727854949
14:13:24.203,14:13:23.995,32.103668467504896,118.86837563253785,9.772916793811717,9.938190262892952,14.532280961051583,17.075133719378375,34.93515977425668
14:13:25.189,14:13:25.000,32.10371404324482,118.86847196091347,9.772916793811627,9.985332028967091,14.321840569376945,17.71556723299267,46.762674225083714
14:13:26.188,14:13:25.999,32.1037438452508,118.86860107102062,10.725276947006316,9.651273554998152,14.277194822207093,17.21025190564106,61.71183053787085
14:13:27.192,14:13:27.000,32.10368997246148,118.86868269572305,10.725276947006344,9.523028976672041,14.33465667348355,15.802821460816743,89.80135959343285
14:13:28.213,14:13:27.999,32.1036704675355,118.86866783019322,6.662844657894321,9.396600925678888,13.934277588501573,15.463044374388636,93.85251866728795
14:13:29.193,14:13:29.000,32.103629419896095,118.86861018724167,3.313439369201214,9.069248013036514,14.121174653060734,15.48364815784362,103.30444139840282
14:13:30.196,14:13:29.999,32.10358125939184,118.86849003670744,3.313439369201213,8.607600135656922,14.275172826834023,15.895558748629112,235.2267625329352
14:13:31.191,14:13:31.000,32.103530157019065,118.86846905675863,4.508306026457609,8.604314831401949,13.945440878160298,15.663083947666749,210.72340093513094
14:13:32.188,14:13:31.999,32.1034974643694,118.86853449971692,4.508306026457607,8.62652279273255,13.52685843873769,15.700002985590089,154.37367246898435
14:13:33.188,14:13:33.000,32.10348008072982,118.86863842201845,4.508306026457615,8.657343674548022,13.075120047666132,15.878726369478755,111.74977465367594
14:13:34.211,14:13:34.000,32.10344065772868,118.86880676789339,10.699075596770248,4.778785036579699,22.13311385549605,5.770392051279712,87.06483976498167
14:13:35.190,14:13:35.000,32.10347270126983,118.86893947483716,11.605258155504597,4.639104879782655,22.641894828528166,5.6084815476370515,77.31852959576513
14:13:36.183,14:13:36.000,32.10347068681315,118.86909051104215,12.531896223718151,4.637353332208005,23.216620452702045,5.509678653176943,85.76226137051954
14:13:37.204,14:13:37.000,32.10350122704209,118.86922780649842,12.027194979872629,4.552033325020461,24.044505486264825,5.395590196760126,82.10385244727878
14:13:38.199,14:13:38.000,32.103564006545035,118.86933480468844,11.5410984291167,4.942515711831753,24.558262253180146,5.32292956289124,67.69875286544995
14:13:39.191,14:13:39.000,32.10358974846696,118.86937382387272,7.870796668057328,5.827747305735464,24.29530994500965,5.304384311753855,69.52465592183744
14:13:40.187,14:13:40.000,32.103670633917076,118.86923726891423,3.165768952377669,5.331273010523392,23.982537537813187,5.244904893288371,351.4584151903314
14:13:41.190,14:13:41.000,32.10360058341982,118.86909216558128,5.639445865665408,5.265872009006746,25.576868024654686,5.157882097755546,236.78206048094097
14:13:42.184,14:13:42.000,32.103553547884836,118.8689187289115,9.442114417970643,4.971333211224079,27.737924822606146,5.064183518869398,248.3092517703879
14:13:43.200,14:13:43.000,32.10358382553404,118.86879873884718,9.412194987938488,5.0091354982968985,27.40021456964314,4.984983398004022,274.2484992867761
14:13:44.187,14:13:44.000,32.10362403604964,118.8688011111206,4.170562616073587,5.0758380010998465,27.976256167516112,4.750983789324126,307.2192976119147
14:13:45.188,14:13:45.000,32.10369346244254,118.8689557780806,7.135755760272032,4.935953621903324,27.465786886401474,4.600407589192055,54.991241976139236
14:13:46.188,14:13:46.000,32.10371910131379,118.86909091220377,10.046712183940702,4.993953467112118,27.339289656840265,4.555528144222393,72.01544907493714
14:13:47.197,14:13:46.999,32.10376717981641,118.86921083685543,10.770037078423641,5.191199574308449,26.94274094607681,4.497166403573135,67.88116171426547
14:13:48.191,14:13:47.999,32.1037863186147,118.86934651219964,11.867692391328887,5.317029308168201,27.57042719051242,4.446516907601797,75.87573338245444
14:13:49.190,14:13:48.999,32.103689019347925,118.86943760988862,10.750762934901791,5.2587806379424835,26.318824716843665,4.376677208004246,111.45253995658173
14:13:50.199,14:13:49.999,32.10357296172808,118.86947273051268,10.310245694841358,5.129912159789687,25.47557284962386,4.294099515108915,142.87909687125725
14:13:51.187,14:13:50.999,32.10350100980405,118.86946202011426,8.393964454152256,5.254906917796371,25.44149156473577,4.23631847664352,166.51433578931744
14:13:52.198,14:13:51.999,32.103384301473945,118.86936995768275,10.44318293424094,5.055562937093736,25.032361580058932,4.209158338335503,197.0764294561934
14:13:53.191,14:13:52.999,32.10331026376081,118.86923769955392,11.413809894579272,5.236919284521416,25.56629181932658,4.186443586760272,220.69960068627495
14:13:54.197,14:13:53.999,32.103291077891335,118.86906951518671,11.735705188335535,5.266833114040384,25.7604007916525,4.15742746902678,247.7106753381862
14:13:55.186,14:13:54.999,32.103314636154,118.86891788792975,12.134873334460494,5.334677970383794,25.039216031320393,4.161485149000271,265.6203941480393
14:13:56.200,14:13:55.999,32.10329707332104,118.86875199411901,13.381335456883635,5.965770619146188,24.530773976817727,4.224353978493142,263.0370223006747
14:13:57.186,14:13:56.999,32.10326023675425,118.8685930454823,13.65297349642456,5.601068806057969,25.10090248659253,4.2375711484004634,255.7207682481557
14:13:58.188,14:13:57.999,32.1032385738852,118.8684034985574,15.042244187560264,5.3553949280612745,25.20513652730733,4.240284239806685,257.9176168594055
14:13:59.190,14:13:58.999,32.10321945186943,118.86821841676857,15.682591397289745,5.383444068313633,26.650852048769593,4.275545110062264,262.35094755297405
14:14:00.203,14:13:59.999,32.10318052070174,118.86802687366543,16.32805828084154,5.32196698265611,25.713972619734704,4.291653637461522,260.2150089407142
14:14:01.192,14:14:00.999,32.103152093279725,118.86784655822836,16.396321633045616,5.209065223906451,25.631573126651347,4.3151989935168995,261.0869039369334
14:14:02.188,14:14:01.999,32.10318327910055,118.86766346237012,16.839593022548648,5.280017243419455,25.825514142401516,4.354953592948507,271.45408150744385
14:14:03.185,14:14:02.999,32.103328252975174,118.86759011599464,12.130297341691863,5.382996230578116,27.03016966767609,4.192373307036599,297.4541789091565
14:14:04.189,14:14:03.999,32.103382513696054,118.8674771144489,10.64431834305071,5.746890445702486,30.67149523179978,4.457948739550856,293.0816150837037
14:14:05.190,14:14:04.999,32.10348885848236,118.86753747768905,8.081692329220997,5.439274934678366,31.900601465255022,4.42444984094258,303.1564518956825
14:14:06.189,14:14:05.999,32.10356507345603,118.86779781385826,13.403831333796964,5.480727900439284,29.185544891282916,4.450540592844825,62.81529206589746
14:14:07.201,14:14:06.999,32.10359678730829,118.86801267757872,12.903051284317014,5.013969119330008,28.449133036658168,4.35420047579939,73.24830671651117
14:14:08.201,14:14:07.999,32.10354857677363,118.86811333020434,9.347471505096763,4.967822550855324,32.51234229654074,4.324658530909334,93.23554987693808
14:14:09.208,14:14:08.999,32.103542327797896,118.86816983558478,6.8498637260281035,5.229237926764532,37.927889917977154,4.497205644482895,87.53089072069488
14:14:10.189,14:14:09.999,32.10351034745463,118.86823575513296,6.910220309292735,5.097640337133605,42.20234465226531,4.627328257901644,86.90619425138
14:14:11.190,14:14:10.998,32.103477992873636,118.8681558627935,5.550887584684173,9.229466699377568,4.407946332357824,17.440092017698486,127.5888420844049
14:14:12.186,14:14:11.998,32.10347635619413,118.86814636011731,3.2322611808772694,9.510014522194076,3.720432737842202,17.618060493777726,129.5379498838457
14:14:13.198,14:14:12.998,32.103471411454876,118.86797186803882,4.92047023773047,9.43120139199522,4.74549123365432,18.254296781831354,244.75422254841408
14:14:14.191,14:14:13.998,32.10339263897974,118.86798572436167,4.920470237730457,8.921793454112285,6.15265831630677,18.17953563882475,169.41334908306973
14:14:15.188,14:14:14.998,32.10336142327443,118.86804112850162,4.920470237730468,8.460692057001687,7.499252915382385,18.230890497536798,121.09965621985758
14:14:16.197,14:14:15.998,32.10334824899794,118.86814919101363,7.037596225734248,8.33576266833034,7.931716122664511,18.269130355683632,102.43823064780393
14:14:17.191,14:14:16.998,32.10339149108663,118.86826236752054,8.516769409172106,8.272572276497707,8.554684448987246,18.27192879258476,77.87528526706669
14:14:18.191,14:14:17.998,32.103465496393675,118.86837411733448,10.748568534835803,8.221907484574619,9.128040139563382,17.85852496681547,59.43776153869484
14:14:19.199,14:14:18.998,32.103550192040736,118.86844245432071,11.001610755904,8.433975538635847,9.723325981758535,17.94957631702435,46.460645823990454
14:14:20.203,14:14:19.998,32.10366530430218,118.86845530169057,11.001610755903949,8.546487002209052,10.423161486163735,17.917813070451498,26.75585340970973
14:14:21.189,14:14:20.998,32.10373661032054,118.86855587076998,11.09511947630151,8.467770471064958,10.774027862586081,17.04714802750931,41.12124644193058
14:14:22.201,14:14:21.998,32.10376710128682,118.86869387233874,11.501585006695157,8.352796451037461,11.051440718583763,16.504004370337636,59.45963545779677
14:14:23.192,14:14:22.998,32.1037822323259,118.86875838030413,8.547985076896623,12.293851857165482,10.70654343161732,24.01280286004402,65.60705690999482
14:14:24.188,14:14:23.998,32.103777549162636,118.86880448184824,8.547985076896625,12.598676674539663,10.245190564543009,23.711852930677548,70.5105171267475
14:14:25.183,14:14:24.998,32.10371352363444,118.86872464479234,3.599467515944862,8.785390803438494,10.919990081340075,17.139029157324877,81.29581636541685
14:14:26.200,14:14:25.998,32.10365591467125,118.8686033823338,3.5994675159448604,8.740926065703235,11.270794914104044,17.77751356772992,235.49840512154208
14:14:27.189,14:14:26.998,32.103598008386,118.86853461813276,5.856164932248502,8.66217792297036,11.581632792018354,17.75566825910232,226.95221485117
14:14:28.190,14:14:27.998,32.10352316716457,118.86854290750217,5.7980546951269805,8.631927504936398,11.614425498060882,17.62615832134156,190.01676373286492
14:14:29.198,14:14:28.998,32.1034451053616,118.86859010137113,7.012636661525274,8.706021310686664,11.666114138439298,17.242854041825563,162.94749686589222
14:14:30.190,14:14:29.998,32.10343243278296,118.86870839861247,7.0126366615253,8.704165938866497,12.056829383596778,16.639267448124055,120.36692289517674
14:14:31.190,14:14:30.998,32.10345134912641,118.86884120029849,7.750480651849757,8.441438320094951,12.206048079766333,16.58275983096597,91.64294032964648
14:14:32.192,14:14:31.998,32.103478076022625,118.86900124397538,10.330681800828756,8.257786889372797,11.85900220554322,16.587171933590774,81.60247471828042
14:14:33.199,14:14:32.997,32.10350445949556,118.86916509259216,12.929716110202966,8.212943678257348,11.830842906609178,16.81273384629019,78.87946013902368
14:14:34.188,14:14:33.997,32.10357385579831,118.86926993744942,12.92971611020292,8.072479163914714,11.985992453061044,16.45547956592376,62.594063683662085
14:14:35.202,14:14:34.997,32.10362989261409,118.86932301602073,11.458678245525912,8.127720135409803,11.811866036616266,15.987232229271962,52.71241498825878
14:14:36.191,14:14:35.997,32.103696335001004,118.86927207163497,8.102155685418223,8.274818371739082,12.23268610239029,16.250609830741173,19.72990389230661
14:14:37.189,14:14:36.997,32.103698251113094,118.86919719964615,5.4010300636272,8.187786652005764,12.491240575909615,15.847049530776578,11.16892971116402
14:14:38.192,14:14:37.997,32.10357553613928,118.86903262328369,8.185563087456625,7.984904383339786,13.076970024965703,15.29191383353777,231.98736070831305
14:14:39.214,14:14:38.997,32.103553419777995,118.86891431041579,9.100671768179215,7.895116546403067,13.285965383052826,15.272681484653019,245.42448149910985
14:14:40.191,14:14:39.997,32.10356704916195,118.86881771421987,8.402684211723678,7.962593928816889,12.891446650959551,15.82395665061941,262.7443016387535
14:14:41.199,14:14:40.997,32.1036917799098,118.86883543624806,8.402684211723619,7.943174040452763,12.559035680256784,16.02967265377649,336.6815748652094
14:14:42.193,14:14:41.997,32.103709838367735,118.86891919442972,4.9912228584274185,8.059617528284246,12.631387769244611,16.36337824931781,30.645667072995185
14:14:43.189,14:14:42.997,32.10375532349926,118.86906027849312,8.899632453909792,8.130573466829892,12.618830401450396,15.941704500990442,61.783755340942825
14:14:44.195,14:14:43.997,32.10378477386216,118.86920350940373,12.212838613675833,5.023767911226485,29.77200536057353,3.467479542143107,76.00885103607841
14:14:45.199,14:14:44.997,32.10378131042975,118.86934201333955,12.730785661193714,5.159279922625135,29.73825714085251,3.434530096786473,83.77368184137178
14:14:46.190,14:14:45.997,32.10366286372065,118.86942397346218,11.107668054394656,5.206840867412452,30.28838192112744,3.4260051298465237,117.83913519039929
14:14:47.185,14:14:46.997,32.10353497870785,118.86946555404946,11.027307137175724,5.1783077745162425,29.644526321440935,3.412716542459767,145.0212156642963
14:14:48.200,14:14:47.997,32.103434290992745,118.86934979759874,10.548963571271742,5.028300997110185,29.74126779474318,3.44502260851873,191.74993316788783
14:14:49.191,14:14:48.997,32.10334124172057,118.86925720719174,11.64553853805564,5.068801419834943,30.868473473004997,3.446168605380032,210.0160500357091
14:14:50.190,14:14:49.997,32.10328576319741,118.86910512689963,13.026709173159796,5.004648301397018,30.81203795503825,3.475996610625335,233.87842317715206
14:14:51.201,14:14:50.997,32.10325359738621,118.86897381550493,12.625496837842793,5.085141155002737,31.08221159223467,3.4628093021740116,246.55472990294064
14:14:52.197,14:14:51.997,32.1032546885841,118.86881754973518,13.404121457754826,5.525152732490754,29.747668598778546,3.4447739939831306,259.38901584112955
14:14:53.187,14:14:52.997,32.10323420515931,118.86865856399528,14.06835382709686,5.952122279789604,29.5569351548329,3.512152328511126,260.8421237123948
14:14:54.199,14:14:53.996,32.10322266722521,118.8684985068337,14.321446694683003,6.2188498386447275,29.360043607652187,3.5994086425825182,262.4490737035894
14:14:55.194,14:14:54.996,32.103205996685716,118.86832794969642,14.848947977443613,6.583147517539655,29.63650177139789,3.7176161326041495,262.92645873919025
14:14:56.188,14:14:55.996,32.103190591929426,118.8681553075361,15.322276789081544,6.763013522664074,29.164036438800395,3.8172270941034063,262.7949801102551
14:14:57.199,14:14:56.996,32.103173589643475,118.86797565046177,15.801737389447164,7.068935649049834,28.415067206136882,3.9365401592658023,262.7961551396929
14:14:58.198,14:14:57.996,32.103159002240794,118.86779058795801,16.422784851657156,7.1979001541570415,30.014179153367877,3.981193076685504,263.2618454913569
14:14:59.196,14:14:58.996,32.10322557566889,118.86762364150755,16.41203465255566,7.518053775528729,29.317356189712882,3.9898252028115175,277.2915014837837
14:15:00.204,14:14:59.996,32.103361484101285,118.86757217238136,13.411031465363832,7.639805379563691,28.390869018621743,4.09197785404823,302.35504541737157
14:15:01.183,14:15:00.996,32.10347028843514,118.8675201588932,12.316019589050448,8.016933334939154,28.663752829656005,4.180547105911577,314.6980945032221
14:15:02.196,14:15:01.996,32.10351853038977,118.86755376904773,7.930543907204011,8.92557212728224,27.920518905855715,4.216148557069084,325.6073347396573
14:15:03.191,14:15:02.996,32.10358656235107,118.86781752335304,7.410926399476061,8.574815637000794,27.963612526655197,4.245538220194442,43.574257745147236
14:15:04.196,14:15:03.996,32.10349537751419,118.86797984270781,8.9130735397252,9.01707277766461,14.237959634512663,15.133506619599308,95.29769679906515
14:15:05.194,14:15:04.996,32.103438946220344,118.86805071235375,7.6187338828986135,8.81251500028615,14.138422219082713,14.907319961193963,120.47793401927916
14:15:06.200,14:15:05.996,32.10340403333092,118.86809925805802,7.61873388289861,8.357970319247244,15.360932420007885,13.917628576829111,127.10782913946167
14:15:07.199,14:15:06.996,32.103393596617956,118.86806982887899,3.947227239608008,8.262888003014465,15.364213810302317,14.012943798231788,131.81665458879675
14:15:08.177,14:15:07.996,32.10338460027835,118.86795858699368,4.185286998747878,8.461216138405103,15.91581739578396,14.170483335693623,238.2161127219473
14:15:09.191,14:15:08.996,32.103341696251434,118.86788547232588,6.195158958432127,8.420594308792317,17.034134672023356,14.809752286703167,222.08752831918133
14:15:10.205,14:15:09.996,32.10330047127081,118.86794280725708,5.45732784271039,8.32827229836178,17.673320243135095,15.088409539373911,167.83209268044035
14:15:11.192,14:15:10.996,32.10328974301963,118.8680356072525,6.191054344174326,8.427563353178499,17.80963587667793,15.600609188053205,124.70876800314925
14:15:12.193,14:15:11.996,32.103310117282156,118.86811784021022,6.191054344174335,8.482275229759972,18.23056858405471,15.733669540145632,96.58212955553698
14:15:13.195,14:15:12.996,32.10335577274818,118.86823530535041,8.697422027579817,8.435110407034106,18.59895055089146,15.71746933150731,75.51681744859276
14:15:14.190,14:15:13.996,32.103434417224534,118.8683018317802,8.929945945730978,8.375245071332984,18.758268233388662,15.261049157252566,51.6307231669679
14:15:15.187,14:15:14.996,32.10351834538352,118.86833321296015,8.929945945730951,8.422754953488372,18.483928641304374,14.980327800354386,32.66954685068227
14:15:16.189,14:15:15.995,32.10361023882377,118.86838169092478,8.993184089651656,8.557703569136727,18.457166402600706,15.05804715230625,28.347860761290214
14:15:17.188,14:15:16.995,32.10366130633521,118.86850345703476,10.009459495532075,8.747718190092808,18.532436098903418,14.829056706202296,47.492529192088995
14:15:18.194,14:15:17.995,32.10366248472881,118.86862646362422,9.664837837208147,8.588634027860902,19.083572905510664,13.960509283450378,67.28963457960757
14:15:19.194,14:15:18.995,32.10382402756594,118.86868185746353,9.664837837208163,22.599255255682383,19.205602828413248,13.532542941174544,82.80609893798828
14:15:20.198,14:15:19.995,32.10382090109218,118.8686527697501,5.485826015470387,27.553344569529415,19.135244019329548,13.752765422911867,82.80609893798828
14:15:21.183,14:15:20.995,32.10384049674575,118.86852214781935,4.868763923643598,35.72923650737411,19.909013758413494,13.537653194691499,262.80609130859375
14:15:22.195,14:15:21.995,32.10383079992745,118.86843189492063,4.868763923643603,36.89446443713197,20.502427735365927,13.696630773311165,262.80609130859375
14:15:23.206,14:15:22.995,32.10382203082278,118.86835028496839,6.754551410671258,41.29142923285347,20.668356597423553,14.06839346263026,262.80609130859375
14:15:24.192,14:15:23.995,32.10378746796495,118.86842696719474,5.053302444981718,44.49730928557017,35.006446364335716,4.35549201125195,198.47335014295237
14:15:25.193,14:15:24.995,32.10383124195773,118.86854196667431,5.427989710526999,51.266703632224555,35.02302783727646,4.366595884070965,128.1272362343797
14:15:26.188,14:15:25.995,32.10339271129558,118.86874087043829,8.289394087775722,7.2793005519813825,36.004977873526514,4.357860902317455,101.41626775176101
14:15:27.196,14:15:26.995,32.10340867118075,118.86887144018232,9.95893081418737,7.20765199611271,35.460220569744706,4.373831499083349,88.86081307701082
14:15:28.189,14:15:27.995,32.10342633458999,118.86899737503074,10.44631629967466,6.930208342177335,33.281968493014574,4.359093644400905,91.86129438309996
14:15:29.192,14:15:28.995,32.103437471460055,118.86912725092257,11.396652023869214,7.290454697545699,32.61905593983829,4.359372766565812,87.9973652655071
14:15:30.193,14:15:29.995,32.103480134407164,118.86923669941851,9.015109106912332,7.478871803187777,35.02712946664542,4.374463333093203,78.33439054815263
14:15:31.189,14:15:31.000,32.103555066826,118.86928889770849,6.46361828095413,7.843915691446262,34.874551422894,4.411067413283366,69.6197309779599
14:15:32.198,14:15:32.000,32.10388947969133,118.86929109787755,7.276157607745376,33.21582011599814,35.45561786275357,4.482799479402127,82.80609893798828
14:15:33.193,14:15:33.000,32.10387307829892,118.86913842300011,3.4081874185214778,27.842700757082643,33.175454245880246,4.541779085546114,82.80609893798828
14:15:34.188,14:15:34.000,32.10388980155298,118.86898107015381,1.7364136599497637,37.1564246003537,32.13922173343599,4.545728729576429,262.80609130859375
14:15:35.179,14:15:35.000,32.10387060487957,118.868802404906,5.7973348828250115,42.19360973472266,33.84250707179308,4.537451078131421,262.80609130859375
14:15:36.205,14:15:36.000,32.1038658645186,118.86875825954516,4.625508916616576,33.34340359336857,32.39644865132868,4.487968010334917,262.80609130859375
14:15:37.188,14:15:37.000,32.10384562661206,118.86878216421098,2.7761474900158363,23.713125113737348,31.691559778526425,4.481692878101475,327.96169482053483
14:15:38.204,14:15:38.000,32.10383390471697,118.86888913422231,3.6614546801628363,12.88630257147475,31.04248472582549,4.479960276843465,31.167651955585335
14:15:39.188,14:15:39.000,32.103857921003375,118.86899729712329,5.309819251066306,7.7626123814777035,30.407103306613863,4.486374159169892,82.80609893798828
14:15:40.189,14:15:40.000,32.10386939846323,118.86910412293074,6.780345137390118,8.198443586460778,29.712303295731544,4.46909161771992,82.80609893798828
14:15:41.194,14:15:41.000,32.10388322129142,118.86923277693015,7.709261363955267,8.435976877781158,29.551666418090463,4.540386726379093,82.80609893798828
14:15:42.206,14:15:42.000,32.10389503619219,118.86934275202661,7.098796205790907,8.915842350469003,32.44950852636248,4.554508780310477,82.80609893798828
14:15:43.203,14:15:43.000,32.103901189950825,118.86940005465611,5.771819410143619,18.869982810999247,35.75024509895593,4.787703583826604,82.80609893798828
14:15:44.193,14:15:44.000,32.10387420123352,118.86939082412212,5.729423589069728,27.025170210429934,32.90112233441323,4.6462446737119345,131.46492301796204
14:15:45.208,14:15:45.000,32.103857780806884,118.86932800983747,5.162485736094653,37.07742761635734,30.256051745265722,4.649564818430634,160.69973240313672
14:15:46.190,14:15:46.000,32.10344286518685,118.86930163479032,5.188541252438196,10.194475048212519,30.912236883305013,4.653589832601158,188.61645886448497
14:15:47.189,14:15:47.000,32.10342394945348,118.86923307736646,4.691534309082496,10.716451834832304,29.472797480411828,4.612701871221043,211.01378876997853
14:15:48.189,14:15:48.000,32.10341804918224,118.86913685648281,5.763545348425414,11.294809591204032,27.744846234098077,4.604005751485744,229.95215728723872
14:15:49.195,14:15:49.000,32.1034424651872,118.86894015111164,8.135905766133563,11.118823958394465,28.61966096330434,4.636379384579403,256.6065565568681
14:15:50.190,14:15:50.000,32.103378396510976,118.86865562415308,12.4236686065587,10.357883583720957,28.19344710279256,4.73651457153496,258.3786753439585
14:15:51.202,14:15:51.000,32.10333829868465,118.86845903949578,14.192996238872288,10.118813397600915,27.268931951373816,4.880423121880733,259.7203633626053
14:15:52.181,14:15:52.000,32.10331517248855,118.86827262331205,15.246431377115048,9.871411155671106,25.700753564946353,5.011469920523096,261.5570594665338
14:15:53.193,14:15:52.999,32.10329264495613,118.86808979631866,15.785080609194956,9.852369604657714,25.58608416840434,5.145292625628971,262.6726787140806
14:15:54.187,14:15:53.999,32.103267043174235,118.86790506119524,16.030199714330113,9.670133616074006,27.210366784594953,5.15954674935477,264.300965393187
14:15:55.209,14:15:54.999,32.10327423439108,118.86773385041172,14.759840185372799,9.53979294125759,31.22497914545238,5.134333310447014,276.2873705699375
14:15:56.193,14:15:55.999,32.103368652293995,118.86761887944114,13.29256240409087,9.197913161413451,30.649234377779067,5.12853855917597,294.0801688911471
14:15:57.185,14:15:56.999,32.10351192285458,118.86759185854535,11.80490701826582,9.150818141497732,33.81356955412775,5.344272874114339,311.94836916076264
14:15:58.203,14:15:57.999,32.10358042583478,118.86758033233788,8.67156266289208,9.389268986307236,36.068572108633816,5.483046088074729,348.79198155340987
14:15:59.190,14:15:58.999,32.10362706337918,118.86776995558935,9.170800193370818,8.805778455232437,34.70516735780984,5.3732295724051085,45.99962169079747
14:16:00.186,14:15:59.999,32.10364576812981,118.86799296383975,12.677352837355375,8.741542557500932,35.080732489936054,5.366859226379691,68.21479895766177
14:16:01.199,14:16:00.999,32.10360491199923,118.86813017567329,11.313988087172815,8.441830893099132,35.47473605815321,5.349559244377239,81.87241320142134
14:16:02.202,14:16:01.999,32.103488294751074,118.86816935286708,8.212429776577302,8.236806326482046,39.90421650465578,5.4209852610147005,106.85048002423939
14:16:03.190,14:16:02.999,32.10351189073736,118.86787093902123,6.5926852226221975,10.45647466990081,15.66023540403694,15.512415604542499,221.8671190476558
14:16:04.205,14:16:03.999,32.103502727728944,118.8677699329284,8.187702178948339,10.048729212868961,15.292479433119297,15.300306224304457,252.69869016786618
14:16:05.178,14:16:04.999,32.10349130009287,118.86765302617523,9.903445243823528,9.724840328809437,15.521479944698513,15.41042122011669,259.53524496928486
14:16:06.193,14:16:05.999,32.10345656775606,118.86760635540126,8.187702178948337,9.847195112156774,15.712340521626174,15.651980556094427,248.40860880617777
14:16:07.191,14:16:06.999,32.10342793620931,118.86762674668877,7.401288032526756,9.903584976456266,15.83291199337691,15.899603571745232,244.41137519803783
14:16:08.204,14:16:07.999,32.10344992225659,118.86783185392618,5.13216781616045,9.583857910567163,15.838941281661391,16.001386751380718,77.95649018591008
14:16:09.200,14:16:08.999,32.10347192545556,118.86799417037385,9.672215461719846,9.397510241181978,15.915179012343287,16.327826825951952,73.0485294287263
14:16:10.205,14:16:09.999,32.10350520375938,118.86813009165736,10.859480857833388,9.232862083745141,16.548774307593703,15.787418980554616,66.83591349853045
14:16:11.199,14:16:10.999,32.10356091181996,118.86820838669941,9.672215461719809,9.107579701257569,17.271426684223115,15.664860823880943,47.4446316698604
14:16:12.176,14:16:11.999,32.103643610628836,118.86824481341661,9.677440643299349,9.240189157413718,17.697386799380183,15.736783261376225,30.2756002710701
14:16:13.192,14:16:12.999,32.10372834649488,118.86832000265632,9.67744064329935,9.35653863288345,18.14411759469658,15.962299160678624,32.05432771861349
14:16:14.205,14:16:13.998,32.10377825184033,118.86847990497941,12.226371765114221,9.311023820455388,18.377197923138738,15.87701173408638,53.501039243142564
14:16:15.179,14:16:14.998,32.103814404497605,118.86859223996429,12.226371765114262,9.331023861936933,18.886309997178614,15.280996004104324,82.80609893798828
14:16:16.196,14:16:15.998,32.10381245719166,118.86857413223129,8.226893424980958,9.106097902163215,19.42052596155554,13.990541836401249,82.80609893798828
14:16:17.202,14:16:16.998,32.10377931416851,118.86841536736014,5.3938021659831765,16.721639578550384,20.535880906507373,14.019541553476284,236.6447864912072
14:16:18.196,14:16:17.998,32.10382124217533,118.86834290736762,5.3938021659831765,26.39430867147043,20.93640123680234,14.306183573112962,262.80609130859375
14:16:19.179,14:16:18.998,32.10381634901143,118.86829738395635,6.896927356715921,34.8710092217786,21.236862944439054,14.704289500333271,262.80609130859375
14:16:20.195,14:16:19.998,32.10378148191834,118.86837755147862,6.6297122596729805,45.20098812664026,37.39908337127417,4.885809888387744,186.50554399196224
14:16:21.197,14:16:20.998,32.10334283763676,118.86852633748745,7.114466924834211,8.495879372757265,37.238357588648796,4.897344542501559,153.69680563632897
14:16:22.190,14:16:21.998,32.1033870071699,118.8687023815084,8.256057202322241,8.756972419489614,36.89281996525824,4.914473376622021,102.98257209410502
14:16:23.183,14:16:22.998,32.10343035048568,118.86887476026618,10.897954790106287,8.85415018532094,36.648933975957334,4.921011657993121,85.41637884600861
14:16:24.203,14:16:23.998,32.103445152195825,118.86901858404119,11.770718791163754,9.338502719708682,36.40669098496437,4.938716232623821,83.66839345179568
14:16:25.194,14:16:24.998,32.103483592737476,118.8691743071168,12.538552716798426,9.194751168871361,36.96405663341284,4.947671483926807,77.18764780904284
14:16:26.198,14:16:25.998,32.10372508532825,118.86932211321748,14.91508943946748,9.19622979603606,39.580662419088185,5.0671620061200855,67.140140086856
14:16:27.210,14:16:26.998,32.10378743472868,118.8694246381525,16.35615638589766,9.581021391643457,44.430335918441415,5.440320690068305,52.03330786149173
14:16:28.188,14:16:27.998,32.10386661836377,118.86940846837133,13.991952999023685,9.675313839148362,49.30042772553861,5.89284238928419,36.397261420745764
14:16:29.202,14:16:28.998,32.10385658819805,118.86937646459795,10.25552500303426,9.643479138234405,52.524083719588816,6.482557944732711,40.00376951131899
14:16:30.191,14:16:29.998,32.1037616608663,118.86927000362836,3.038822574046855,9.66516483672879,41.40762804169208,5.39312849363874,79.23925097903971
14:16:31.187,14:16:30.998,32.10376350420528,118.86901084314682,6.148004561344408,9.058169612257467,39.438214301131666,5.264801334882633,284.2279412053765
14:16:32.195,14:16:31.998,32.1038361238125,118.8689405539395,7.40605412579302,8.494219923161323,41.33140001446009,5.215412038438574,319.21368996596334
14:16:33.202,14:16:32.998,32.10391386059839,118.8689778078573,7.221105227406598,8.148748229632064,38.00867525860667,5.13745934714563,351.982433891176
14:16:34.177,14:16:33.998,32.1039473839688,118.86902306506373,4.999402638269305,8.202966993701974,34.50468166265637,5.109839744346046,4.064524753137579
14:16:35.193,14:16:34.998,32.103958505351734,118.86907949587717,3.562062928163257,8.63913362802759,33.30452707130462,5.083237644365151,20.47365844737604
14:16:36.187,14:16:35.997,32.10400543995481,118.86917636125278,6.920836736744671,9.362096495953635,35.721231954172254,5.089326080217313,52.680478803337905
14:16:37.192,14:16:36.997,32.10394899787344,118.86933320013004,9.549206774054712,9.518514762437269,36.2913364591077,5.082825730849522,91.59561473511008
14:16:38.190,14:16:37.997,32.103729946600495,118.86936814481886,10.01509883639505,9.064071655428311,34.48684532009065,5.058581306372219,134.67666624117047
14:16:39.204,14:16:38.997,32.1036088609182,118.86935451158,8.37161263687568,8.384202521471552,33.114731882698834,4.9978180680449915,152.66459044565738
14:16:40.178,14:16:39.997,32.10345172655215,118.8692264588223,11.289345067784431,8.11599719142039,35.39014732930809,4.969830278116381,191.90709808456154
14:16:41.189,14:16:40.997,32.10338524590954,118.8690665667121,12.471764426563285,7.498288281316976,33.11869819648564,4.919366018087104,218.3743243633894
14:16:42.198,14:16:41.997,32.10336362202411,118.86894242899695,11.586968238187062,7.258220876661984,34.02415869478136,4.889612966390484,235.81684293378783
14:16:43.192,14:16:42.997,32.10336194237864,118.86880922106162,10.941692767962415,7.175148257349271,32.3423826713115,4.895071715097142,252.05444646934154
14:16:44.189,14:16:43.997,32.1033393373195,118.86866466137423,11.29822561264029,7.286717046891742,31.664958810433745,4.896929042132428,256.8693445643918
14:16:45.190,14:16:44.997,32.103309481048505,118.86850452899836,12.680946743408638,7.314698907542371,32.34531586430967,4.9167996137339705,258.9566963177165
14:16:46.182,14:16:45.997,32.103291975622255,118.86835281357351,13.330587241031461,7.4069160739124165,31.504403410479426,4.955475609272788,260.3867642326941
14:16:47.193,14:16:46.997,32.10326614925783,118.86818377958666,14.34588831654938,7.470431294067833,30.148341833613813,4.991124889763653,260.62065006545185
14:16:48.207,14:16:47.997,32.10323522626445,118.8680089554862,15.319143549829718,7.6267560692251655,30.61125592980534,5.051001814430735,260.4214423493637
14:16:49.182,14:16:48.997,32.10321261776996,118.86783947638025,16.143272936908613,7.696989068736877,30.80361055303365,5.06971311146844,262.36821558025804
14:16:50.193,14:16:49.997,32.10323139146681,118.86764481369211,19.016940518966056,7.813135664932122,30.87312988191843,5.032790688620162,273.90170549128567
14:16:51.193,14:16:50.997,32.1033431234315,118.86750614758311,18.16303117170583,7.878611890979595,32.54253197461367,5.137525281324079,291.1875480778774
14:16:52.207,14:16:51.997,32.10347058147122,118.86747005243038,14.752739002062485,8.152205968454634,33.152597174979746,5.292769299299984,334.79296512688705
14:16:53.188,14:16:52.997,32.10359399619931,118.86763867260338,13.348061886665686,8.02318991736004,32.65139167197049,5.27135558897048,16.287626252080177
14:16:54.201,14:16:53.997,32.103598196447805,118.86768726431767,9.099148537360298,8.833746562634968,31.747129319235682,4.928193722934951,9.210832055230076
14:16:55.192,14:16:54.997,32.10367915622264,118.86770267862872,9.099148519745517,9.498306829327221,31.759393888525665,4.971741171648088,9.210840256812002
14:16:56.188,14:16:55.997,32.10342025936209,118.86792531401184,5.5376620292642675,8.7949468862269,19.56223750859499,14.260787596328884,124.69210421637446
14:16:57.192,14:16:56.996,32.10336986607915,118.86802296232428,7.539265632624112,8.560880855010135,20.148313424549997,13.746508090235565,136.057190013105
14:16:58.202,14:16:57.996,32.10332620462931,118.86806326788961,7.539265632624106,12.496373449043059,19.94829015340656,19.7326589517254,140.46074203490036
14:16:59.194,14:16:58.996,32.103327622869315,118.86803133700768,4.27020692825221,8.701205412039181,19.60026292130351,13.773417907253068,163.06348410647124
14:17:00.189,14:16:59.996,32.10334103407321,118.8678851897919,5.287016868589491,8.630288874242659,20.19845087453723,13.868616994528432,238.09138060690105
14:17:01.204,14:17:00.996,32.103337491074356,118.86786208955428,4.2702069282522155,8.681607266215762,20.870427201502025,14.616615910619442,234.79327775216112
14:17:02.194,14:17:01.996,32.103318178239306,118.86789293710683,3.419807910918695,8.878249336437733,20.88341103401035,15.132967950796854,208.91787292651844
14:17:03.192,14:17:02.996,32.10333088378306,118.86800817481871,3.4198079109186983,9.256674180433691,20.817986928857863,15.270828822763892,102.67659003422831
14:17:04.187,14:17:03.996,32.103390714913274,118.86817282641785,9.21005535124773,9.261087673758736,21.124065903015435,15.535123789246347,73.52185273548314
14:17:05.201,14:17:04.996,32.10345571236087,118.86829210312139,10.926785469039134,8.850450992505182,21.708579409867525,14.513199063152111,60.00700871511043
14:17:06.191,14:17:05.996,32.1035293639504,118.86837661470734,10.92678546903911,8.852399579795762,21.635744957253337,14.71592415623417,50.20879131328264
14:17:07.203,14:17:06.996,32.10363985149764,118.86840489839595,11.216476440412249,8.984947138517992,21.36218020506203,14.81894929038351,28.86439980576752
14:17:08.194,14:17:07.996,32.1037165424377,118.86848704787992,11.236145973188053,8.85251253369875,21.20306382793933,14.84040810307209,36.31511406903017
14:17:09.190,14:17:08.996,32.10375978828219,118.8686425145009,13.040390968295474,8.668881041586129,21.208220553584397,14.479367187522428,57.67320179554636
14:17:10.190,14:17:09.996,32.10377736558934,118.86874313393939,13.040390968295505,8.595937330470056,21.385877597145736,13.411023759445142,65.69244249736555
14:17:11.202,14:17:10.996,32.103721131210904,118.86873954525367,8.288002014153165,8.28526807520245,21.314848822541535,13.0056773070633,70.74077833056606
14:17:12.197,14:17:11.996,32.10364430848329,118.86868620881161,3.8499841690056464,8.002045519788734,20.977143387310207,13.093652972767716,104.65094676714284
14:17:13.189,14:17:12.996,32.10358805767411,118.86856299720897,3.8499841690056438,7.892898053996931,21.193958345800638,13.2745938334605,225.64220896166572
14:17:14.196,14:17:13.996,32.103503435671996,118.86855619289386,6.161437034604037,7.968839909308319,21.00484529323876,13.691403330662215,191.30821607595755
14:17:15.194,14:17:14.996,32.10341117904534,118.86869778480087,8.787935154900598,4.563847331560032,36.525114432908595,4.8041572767061975,130.583284970337
14:17:16.197,14:17:15.996,32.103414908071464,118.86884104448998,10.50691989877657,4.544317597163971,35.765011632815,4.721512597696164,102.64232129766741
14:17:17.195,14:17:16.996,32.103428214713496,118.86896879165838,11.57691357770709,4.526181985382526,35.85684516001493,4.667032261643599,88.65494639902981
14:17:18.197,14:17:17.996,32.1034449657584,118.86910246212165,12.229732750806082,4.574577913065782,35.62039451021701,4.598550999583899,83.39848741871934
14:17:19.187,14:17:18.995,32.103472142765455,118.86924072239331,12.882029299396624,4.609089801551038,35.03716783411801,4.557456948736777,79.23931320812991
14:17:20.200,14:17:19.995,32.10354745773433,118.86931554647109,11.349324085355496,4.814690362128266,35.10169276036322,4.563915899703688,59.63414282459896
14:17:21.188,14:17:20.996,32.10359003580206,118.86937118846998,9.094724752940078,5.242402790943619,34.75590659864247,4.5470645017014375,56.62561688649829
14:17:22.189,14:17:21.995,32.10365443694215,118.86926072129418,4.770637438798152,5.201165143585895,33.78730969503522,4.518501838014556,354.7917242572472
14:17:23.187,14:17:22.995,32.103646770083515,118.86922992722023,2.084747327697371,5.451421611928739,32.785273655317724,4.493881443288284,329.0500948963137
14:17:24.200,14:17:23.995,32.10352961980934,118.86901410664747,9.321273280925352,5.0906610670313475,33.42976870201528,4.43534854011677,234.54335156835987
14:17:25.194,14:17:24.995,32.103563361069554,118.86888479807723,9.23377909469267,4.928096856595783,33.421173608861864,4.343309830817035,266.6371225877871
14:17:26.197,14:17:25.995,32.103634426839044,118.86878423289357,8.752413100812285,4.942584494184938,33.96585122868419,4.288596973799688,297.9845246995345
14:17:27.197,14:17:26.995,32.10365388543986,118.86876387796488,4.598574688687132,5.270448417960917,33.33214324619621,4.175988554157554,296.187794912741
14:17:28.188,14:17:27.995,32.103756557568076,118.8689044613661,6.845539296669626,5.579940460989605,33.51343650370836,4.158162463915908,36.745758408569095
14:17:29.189,14:17:28.995,32.103802662328775,118.86904476822897,9.57395640486451,6.462932254285852,33.45018544793129,4.161408619274703,57.803683025625794
14:17:30.203,14:17:29.995,32.10387860044747,118.86918976646311,11.416185838953348,7.579650735777928,31.468970481306314,4.179774737130752,82.80609893798828
14:17:31.192,14:17:30.995,32.103892310245236,118.86931738303666,11.460079585408735,8.096347187705607,31.496906973421574,4.187955282387162,82.80609893798828
14:17:32.192,14:17:31.995,32.10389939478377,118.86938337311376,10.467953580934754,28.77837606248123,31.46353999711573,4.1817855655112535,82.80609893798828
14:17:33.199,14:17:32.995,32.10351599785624,118.86941113687085,9.949352705027161,7.543047355819933,32.09081716183573,4.161403726053008,154.71327660389048
14:17:34.189,14:17:33.995,32.10343301422844,118.86933894315708,9.387387914839707,7.487113278060042,32.528882096521556,4.164056169106483,186.68549240075953
14:17:35.192,14:17:34.995,32.10335779782965,118.86931613328298,8.802313793533605,7.318243771308406,33.366198814474046,4.126090292125592,185.12643529763707
14:17:36.187,14:17:35.995,32.10329009457882,118.86931407136001,8.20713810192242,7.488042892886001,34.402265291661024,4.139797381792973,185.17761572792847
14:17:37.198,14:17:36.999,32.103257735087794,118.86928183393336,6.894043156021557,7.386772221080991,34.09808159060776,4.1445933172471205,198.9982625550663
14:17:38.187,14:17:37.999,32.10325811592783,118.8692134399486,5.928592669724102,7.165749830208948,34.24033471476287,4.132752617217512,232.49674277709758
14:17:39.201,14:17:38.999,32.10315880929688,118.86909531770094,5.647305281842672,7.321921080421611,36.288960070349276,3.618710653677446,244.47182079081193
14:17:40.193,14:17:39.999,32.10318284000034,118.86903952422306,5.459745919186638,7.421999994296892,36.13177982904017,3.637376422531502,257.8585814213914
14:17:41.192,14:17:40.999,32.10320535604085,118.86898246365715,5.392397293278551,6.875608137548783,37.3419198570773,3.6338644518970984,268.88652698562566
14:17:42.197,14:17:41.999,32.10322886878604,118.8689062877083,5.79386640888696,6.418596624705675,37.90136709716171,3.6224398432848512,274.7646697059596
14:17:43.202,14:17:42.999,32.10325465351804,118.86884518912764,5.723335105268565,5.943532810699601,37.31444585137069,3.574053241565649,277.2980290931482
14:17:44.188,14:17:43.999,32.10323246980909,118.8688064607681,4.812520728202567,5.64807197594075,37.46212298888713,3.579083027458679,264.94124668497096
14:17:45.191,14:17:45.000,32.10322958588214,118.86875503755978,4.719963291926525,5.563828321270781,37.107104453258216,3.691599946198295,260.7351019609473
14:17:46.190,14:17:45.999,32.10321799077394,118.86870989450404,4.663965663171273,5.468007085794645,37.523352772928774,3.655576793952953,259.6520291012111
14:17:47.195,14:17:47.000,32.103204356136516,118.8686625893749,4.351118301595483,5.432755604731753,37.61148163676262,3.6629389547172106,256.8238300237045
14:17:48.186,14:17:48.000,32.10319870790502,118.86862261455633,4.0020409561069,5.3901025480588265,38.29002285283059,3.671178945322677,257.3282299302029
14:17:49.203,14:17:49.000,32.10319860971467,118.86861361080551,3.2363991749619467,5.296473528565437,37.68796341307461,3.649580721094398,256.09168718823975
14:17:50.188,14:17:50.000,32.10321008785022,118.86862205102436,1.6570216372261328,5.2529579001631825,37.396515033207834,3.636386739396752,257.8423033103137
14:17:51.197,14:17:51.000,32.10321690658619,118.8686346613352,0.6434735829733524,5.227183406608362,38.1186036914587,3.646986818854707,260.7644879582982
14:17:52.201,14:17:52.000,32.10321771618139,118.8686410393196,0,5.105798363924146,37.1415640944615,3.6998958340053685,264.8347308608053
14:17:53.191,14:17:53.000,32.103219563387285,118.86864183188254,0,5.033162947808585,37.31496856920421,3.7156776599885113,264.8347317069025
14:17:54.188,14:17:54.000,32.10322356487411,118.86864980787658,0,5.003389361033906,36.89928068127483,3.7177674063794037,264.8347367596584
14:17:55.205,14:17:55.000,32.1032196869899,118.8686555633517,0,4.9768206141817535,36.0775751657784,3.7212683484373175,264.8347388001839
14:17:56.320,14:17:56.000,32.10322258897941,118.86865708314448,0,4.910773979134646,36.30047178827226,3.731964418106443,264.83474027071304
14:17:57.198,14:17:57.000,32.10321835564914,118.8686511253689,0,4.771218605086709,36.63145294319838,3.7553346874021805,264.8347362011795